ID	Scales_magnification	sex	Weight	TL	date	Lat	Long	Temperature	Conductivity	Salinity	area	SIMS	ICPMS	Otophoto	EMS	Raman	muscle (dried)	muscle (homogenized)	muscle (weighed)	eyes (dried)	eyes (homogenized)	eyes (weighed)	eyes (measured)	lens count	comment
BH-00355	1	m	800	552	9.7.2019	53.972464	13.268719	NA	NA		Peene	1	1	1											Wrong coordinates in DB
BH-00356	0.8	f	3000	815	9.7.2019	53.972464	13.268719	NA	NA		Peene	1	1	1						NA					Wrong coordinates in DB
BH-00385	0.8	f	3265	765	10.7.2019	54.312567	12.703852	17.4	1364		Barthe	1	1	1			1	1	1	1	1			7	
BH-00391	0.8	f	5220	903	11.7.2019	54.319417	12.699083	18.8	1366		Barthe	1	1	1						NA					
BH-00392	0.8	f	5600	930	11.7.2019	54.319417	12.699083	18.8	1366		Barthe	1	1	1						NA					
BH-00398	1	f	2655	761	11.7.2019	54.319417	12.699083	18.8	1366		Barthe	1	1	1						NA					
BH-00405	1.25	f	715	466	11.7.2019	54.319417	12.699083	18.8	1366		Barthe	1	1	1											
BH-00411	1	f	1870	677	11.7.2019	54.319417	12.699083	18.8	1366		Barthe	1	1	1											
BH-00418	0.8	f	2450	758	12.7.2019	53.972464	13.268719	19.7	1513		Peene	1	1	1						NA					Wrong coordinates in DB
BH-00419	0.63	f	5780	958	12.7.2019	53.972464	13.268719	19.7	1513		Peene	1	1	1						NA					Wrong coordinates in DB
BH-00424	1.25	m	508	425	12.7.2019	53.972464	13.268719	19.7	1513		Peene	1	1	1											"Misnamed ""428"" in mount"
BH-01906	0.63	f	13600	1230	05.11.2019	54.454675	13.177452	NA	NA	NA	SB	1	1	1			1	1	1	1	1			15	
BH-00681	0.8	m	NA	630	28.02.2020	54.633915	13.263042	NA	NA	NA	WB	1	1	1			1	1	1						
BH-00685	0.8	m	NA	720	29.02.2020	54.633915	13.263042	NA	NA	NA	WB	1	1	1			1	1	1	1	1	1		8	
BH-00689	1	m	NA	600	01.03.2020	54.633915	13.263042	NA	NA	NA	WB	1	1	1			1	1	1						
BH-00696	0.8	f	NA	790	02.03.2020	54.633915	13.263042	NA	NA	NA	WB	1	1	1			1	1	1	1	1	1		9	
BH-00670	0.8	f	NA	680	01.12.2019	NA	NA	NA	NA	NA	KB	1	1	1											
BH-01713	0.63	f	7200	980	08.01.2020	54.454675	13.177452	NA	NA	NA	SB	1	1	1			1	1	1	1	1			16	
BH-01731	0.8	m	6800	950	08.01.2020	54.454675	13.177452	NA	NA	NA	SB	1	1	1			1	1	1	1	1			13	
BH-00742	0.8	m	NA	550	8.11.2019	NA	NA				GB	1	1	1											
BH-00750	0.8	f	NA	560	8.11.2019	NA	NA				GB	1	1	1											
BH-01555	0.8	f	NA	760	8.2.2020	54.54338	13.37395	NA	NA	NA	BEG	1	1	1			1	1	1	1	1			7	
BH-01556	0.63	f	NA	1110	8.2.2020	54.54338	13.37395	NA	NA	NA	BEG	1	1	1			1	1	1	1	1	1			
BH-01560	0.8	f	NA	820	8.2.2020	54.54338	13.37395	NA	NA	NA	BEG	1	1	1			1	1	1	1	1	1		14	
BH-01567	NA	m		460	28.02.2020	54.54338	13.37395	NA	NA	NA	BEG	1	1	1			1	1	1	1	1	1			
BH-01569	1	m	NA	550	28.2.2020	54.54338	13.37395	NA	NA	NA	BEG	1	1	1			1	1	1						
BH-01570	0.8	f	NA	980	28.02.2020	54.54338	13.37395	NA	NA	NA	BEG	1	1	1			1	1	1	1	1	1			
BH-01571	1	f	NA	520	28.2.2020	54.54338	13.37395	NA	NA	NA	BEG	1	1	1			1	1	1	1	1	1			
BH-01576	1	f	NA	570	28.2.2020	54.54338	13.37395	NA	NA	NA	BEG	1	1	1			1	1	1						
BH-01580	NA	f		490	28.02.2020	54.54338	13.37395	NA	NA	NA	BEG	1	1	1			1	1	1						
BH-01582	0.8	f	NA	830	28.02.2020	54.54338	13.37395	NA	NA	NA	BEG	1	1	1			1	1	1	1	1	1		10	
BH-01585	1	m	NA	760	28.02.2020	54.633915	13.263042	NA	NA	NA	WB	1	1	1			1	1	1						Eye lens missing?
BH-01588	0.63	f	NA	1050	01.02.2020	54.446995	13.518145	NA	NA	NA	KJB	1	1	1			1	1	1	1	1	1			
BH-01594	1	f	NA	630	28.02.2020	54.633915	13.263042	NA	NA	NA	WB	1	1	1			1	1	1						
BH-01595	0.8	m	NA	690	28.02.2020	54.633915	13.263042	NA	NA	NA	WB	1	1	1			1	1	1	1	1	1		7	
BH-01596	1	f	NA	660	01.01.2020	NA	NA	NA	NA	NA	GJB	1	1	1			1	1	1						
BH-01598	0.8	f	NA	750	01.01.2020	NA	NA	NA	NA	NA	GJB	1	1	1			1	1	1	1	1	1			
BH-01701	0.8	f	NA	880	28.02.2020	54.54338	13.37395	NA	NA	NA	BEG	1	1	1			1	1	1	1	1			17	
BH-01868	0.63	f	8700	1010	08.01.2020	54.454675	13.177452	NA	NA	NA	SB	1	1	1			1	1	1	1	1	1			
BH-01717	0.63	f	NA	1040	28.02.2020	54.54338	13.37395	NA	NA	NA	BEG	1	1	1			1	1	1	1	1			16	
BH-01789	1	m	1700	600	26.02.2020	54.41412	13.13059	NA	NA	NA	KB	1	1	1			1	1	1						
BH-01722	0.8	f	NA	950	28.02.2020	54.54338	13.37395	NA	NA	NA	BEG	1	1	1						1	1	1			
BH-01809	1	m	900	520	26.02.2020	54.41412	13.13059	NA	NA	NA	KB	1	1	1			1	1	1	1	1	1			
BH-01814	0.63	m	3600	780	26.02.2020	54.41412	13.13059	NA	NA	NA	KB	1	1	1											
BH-01835	0.63	m	3800	820	26.02.2020	54.41412	13.13059	NA	NA	NA	KB	1	1	1			1	1	1	1	1	1			
BH-01741	0.8	f	NA	750	9.10.2020						KD	1	1	1			1	1	1	1	1	1		10	
BH-01737	0.63	f	11500	1130	27.02.2020	54.41412	13.13059	NA	NA	NA	KB	1	1	1			1	1	1	1	1	1			
BH-01767	0.8	f	NA	751	12.9.2020						KD	1	1	1			1	1	1	1	1	1		11	
BH-01772	0.63	f	NA	634	9.10.2020						KD	1	1	1			1	1	1						
BH-01774	0.8	f	NA	638	9.10.2020						KD	1	1	1			1	1	1	1	1	1			
BH-01776	1	f	NA	574	9.10.2020						KD	1	1	1			1	1	1						
BH-01819	0.8	m	2800	680	27.02.2020	54.41412	13.13059	NA	NA	NA	KB	1	1	1			1	1	1						
BH-01860	0.63	f	7900	940	27.02.2020	54.41412	13.13059	NA	NA	NA	KB	1	1	1			1	1	1	1	1	1			
BH-90307	0.63	f	5350	883	16.03.2020	54.454675	13.177452	NA	NA	NA	SB	1	1	1			1	1	1	1	1			12	
BH-01758	0.63	m	2580	682	01.05.2020	54.454675	13.177452	NA	NA	NA	SB	1	1	1			1	1	1	1	1			15	
BH-01802	0.8	m	1980	638	01.05.2020	54.454675	13.177452	NA	NA	NA	SB	1	1	1			1	1	1						
BH-01855	0.8	m	2500	722	01.05.2020	54.454675	13.177452	NA	NA	NA	SB	1	1	1			1	1	1	1	1	1		10	
BH-01922	0.63	f	14600	1262	01.02.2021	54.41412	13.13059	NA	NA	NA	KB	1	1	1			1	1	1	1	1			14	
BH-00729	0.8	f	NA	770	14.12.2019	NA	NA	NA	NA	NA	SB	1	1	1						NA					
BH-01846	0.8	m	NA	880	16.2.2020	54.54338	13.37395	NA	NA	NA	BEG	1	1	1			1	1	1	1	1			17	
BH-01850	0.63	f	NA	910	14.2.2020	54.54338	13.37395	NA	NA	NA	BEG	1	1	1			1	1	1	1	1	1			
BH-00730	0.8	m	NA	758	14.12.2019	NA	NA	NA	NA	NA	SB	1	1	1						NA					
BH-00732	1	f	NA	617	14.12.2019	NA	NA	NA	NA	NA	SB	1	1	1											
BH-01869	1	f	3300	730	17.12.2019	54.454675	13.177452	NA	NA	NA	SB	1	1	1			1	1	1	1	1	1			
BH-01812	0.8	f	8900	1020	22.11.2019	54.454675	13.177452	NA	NA	NA	SB	1	1	1			1	1	1	1	1			16	
BH-01867	0.8	f	4800	820	23.11.2019	54.454675	13.177452	NA	NA	NA	SB	1	1	1			1	1	1						
BH-01877	1	m	NA	434	9.10.2020						KD	1	1	1			1	1	1						
BH-01882	0.8	f	NA	670	12.11.2020	54.28707	13.69857				GB	1	1	1			1	1	1	1	1	1			
BH-01883	0.63	f	NA	870	12.11.2020	54.28707	13.69857				GB	1	1	1			1	1	1	1	1			13	
BH-01885	0.8	f	NA	796	27.11.2020	54.33112	13.46128	5.8	12360	6.8	GB	1	1	1			1	1	1	1	1	1		6	
BH-01889	0.63	f	NA	837	27.11.2020	54.33112	13.46128	5.8	12360	6.8	GB	1	1	1			1	1	1	1	1	1			
BH-01891	0.8	f	4348	870	27.11.2020	54.33112	13.46128	5.8	12360	6.8	GB	1	1	1			1	1	1	1	1	1			
BH-01892	0.8	m	1772	635	27.11.2020	54.33112	13.46128	5.8	12360	6.8	GB	1	1	1			1	1	1						
BH-01893	0.63	m	NA	650	10.11.2020	54.28707	13.69857				GB	1	1	1			1	1	1						
BH-01897	0.63	m	NA	600	13.11.2020	54.28707	13.69857				GB	1	1	1			1	1	1						
BH-01898	0.63	f	NA	700	8.11.2020	54.28707	13.69857				GB	1	1	1			1	1	1	1	1	1			
BH-01899	0.63	f	NA	760	10.11.2020	54.28707	13.69857				GB	1	1	1			1	1	1	1	1	1			
BH-01900	0.8	f	NA	825	27.11.2020	54.33112	13.46128	5.8	12360	6.8	GB	1	1	1						1	1	1		9	
BH-01902	0.63	m	NA	500	1.11.2020	54.28707	13.69857				GB	1	1	1			1	1	1	1	1	1			
BH-01903	1.25	f	596	439	27.11.2020	54.33112	13.46128	5.8	12360	6.8	GB	1	1	1			1	1	1	1	1	1			
BH-01904	1.25	f	474	404	27.11.2020	54.33112	13.46128	5.8	12360	6.8	GB	1	1	1			1	1	1	1	1	1			
BH-01719	1.25	f	1400	550	23.12.2019	54.454675	13.177452	NA	NA	NA	SB	1	1	1			1	1	1						
BH-01908	0.63	f	NA	876	30.1.2021	54.33112	13.46128				GB	1	1	1			1	1	1						
BH-01738	0.8	f	5400	860	23.12.2019	54.454675	13.177452	NA	NA	NA	SB	1	1	1			1	1	1	1	1	1			
BH-51614	NA	f	NA	880	23.11.2021	5,437,208	1,267,767	NA	NA	NA	BAT			1											
BH-51614	NA	f	4624	885	14.04.2022	5,436,602	1,268,762	NA	NA	NA	Barthe			1											
BH-01803	1	m	1900	600	24.11.2019	54.454675	13.177452	NA	NA	NA	SB	1	1	1			1	1	1						
BH-90910	0.8	m	NA	604	07.04.2021	54.331809	12.529867	8.9	875	0.4	NHG	1	1	1											
BH-90928	0.8	m	1470	580	02.04.2021	54.381931	13.26729	8.4	1294	0.6	Sehrowbach	1	1	1			1	1	1	1	1	1			
BH-90946	0.8	m	2564	694	02.04.2021	54.381931	13.26729	8.4	1294	0.6	Sehrowbach	1	1	1											Eye lens missing?
BH-90962	0.63	f	5710	921	31.03.2021	NA	NA	NA	NA	NA	KWB	1	1	1						1	1			16	Missing in DB!
BH-90970	0.8	m	1688	634	02.04.2021	54.381931	13.26729	8.4	1294	0.6	Sehrowbach	1	1	1			1	1	1						
BH-90981	0.8	m	2798	745	02.04.2021	54.381931	13.26729	8.4	1294	0.6	Sehrowbach	1	1	1			1	1	1	1	1	1			
BH-90997	0.8	m	2258	675	23.03.2021	54.373931	13.045735	44810	1122	0.5	Bandycksgraben	1	1	1			1	1	1						
BH-91013	0.63	f	3234	739	01.04.2021	54.034922	13.740372	12.4	873	0.4	Ziese	1	1	1			1	1	1	1	1	1		7	
BH-91045	0.8	m	1564	648	01.04.2021	54.034922	13.740372	12.4	873	0.4	Ziese	1	1	1			1	1	1	1	1	1		6	
BH-91050	0.63	m	2930	732	01.04.2021	54.034922	13.740372	12.4	873	0.4	Ziese	1	1	1			1	1	1						Eye lens missing?
BH-91053	0.8	f	2734	674	01.04.2021	54.034922	13.740372	12.4	873	0.4	Ziese	1	1	1			1	1	1	1	1	1		7	
BH-91054	0.8	m	1766	636	02.04.2021	54.381931	13.26729	8.4	1294	0.6	Sehrowbach	1	1	1			1	1	1						
BH-91068	0.63	f	4994	860	01.04.2021	54.034922	13.740372	12.4	873	0.4	Ziese	1	1	1			1	1	1	1	1	1		8	
BH-91117	0.8	f	1230	555	07.04.2021	54.331809	12.529867	8.9	875	0.4	NHG	1	1	1			1	1	1	1	1	1			
BH-91328	0.63	f	8290	1061	14.04.2021	54.331809	12.529867	8.1	912	0.4	NHG	1	1	1			1	1	1	1	1	1			
BH-91534	NA	f	562	423	29.03.2022	5,438,185	1,326,734	NA	NA	NA	Sehrowbach			1											
BH-91549	NA	f	2070	650	29.03.2022	5,438,185	1,326,734	NA	NA	NA	Sehrowbach			1											
BH-91570	NA	m	1246	558	29.03.2022	5,438,185	1,326,734	NA	NA	NA	Sehrowbach			1											
BH-91571	NA	f	4962	896	28.03.2022	5,435,199	1,268,648	NA	NA	NA	Barthe			1											
BH-91585	NA	f	3230	815	28.03.2022	5,435,199	1,268,648	NA	NA	NA	Barthe			1											
BH-91588	NA	m	1372	615	28.03.2022	5,435,199	1,268,648	NA	NA	NA	Barthe			1											
BH-92990	NA	f	3152	802	14.04.2022	5,436,602	1,268,762	NA	NA	NA	Barthe			1											
BH-92993	NA	f	2560	680	13.04.2022	5,438,204	1,326,726	NA	NA	NA	Sehrowbach			1											
"BH-92996								"	NA	NA	NA	NA	NA	NA	NA	NA	NA	NA	NA			1											
BH-93002	NA	f	2366	686	11.04.2022	5,438,207	132,674	8.2	NA	0.4	Sehrowbach			1											
"BH-93003								"	NA	NA	NA	NA	NA	NA	NA	NA	NA	NA	NA			1											
BH-93005	NA	f	3200	765	13.04.2022	5,438,204	1,326,726	NA	NA	NA	Sehrowbach			1											
BH-93007	NA	f	4354	878	14.04.2022	5,436,602	1,268,762	NA	NA	NA	Barthe			1											
BH-93015	NA	f	1702	652	13.04.2022	5,438,204	1,326,726	NA	NA	NA	Sehrowbach			1											
BH-93047	NA	f	2166	702	12.04.2022	5,433,628	1,268,659	NA	NA	NA	Barthe			1											
BH-93048	NA	f	2734	730	12.04.2022	5,433,628	1,268,659	NA	NA	NA	Barthe			1											
BH-93066	NA	m	842	520	14.04.2022	5,436,602	1,268,762	NA	NA	NA	Barthe			1											
BH-93071	NA	f	NA	854	12.04.2022	5,433,628	1,268,659	NA	NA	NA	Barthe			1											
BH-93097	NA	m	1756	636	14.04.2022	5,436,602	1,268,762	NA	NA	NA	Barthe			1											
BH-93109	NA	m	2256	732	12.04.2022	5,433,628	1,268,659	NA	NA	NA	Barthe			1											
BH-93114	NA	m	1740	618	14.04.2022	5,436,602	1,268,762	NA	NA	NA	Barthe			1											
BH-93116	NA	f	1030	563	14.04.2022	5,436,602	1,268,762	NA	NA	NA	Barthe			1											
BH-93132	NA	f	4632	862	14.04.2022	5,436,602	1,268,762	NA	NA	NA	Barthe			1											
BH-93143	NA	f	2232	675	13.04.2022	5,438,204	1,326,726	NA	NA	NA	Sehrowbach			1											
BH-93152	NA	f	1540	632	13.04.2022	5,438,204	1,326,726	NA	NA	NA	Sehrowbach			1											
BH-93170	NA	m	2730	733	13.04.2022	5,438,204	1,326,726	NA	NA	NA	Sehrowbach			1											
BH-93172	NA	f	44	745	13.04.2022	5,438,204	1,326,726	NA	NA	NA	Sehrowbach			1											
BH-93178	NA	f	1490	604	14.04.2022	5,436,602	1,268,762	NA	NA	NA	Barthe			1											
BH-93190	NA	f	1534	621	13.04.2022	5,438,204	1,326,726	NA	NA	NA	Sehrowbach			1											
