Analysis	Date	time	start (h)	east-west	north-south	current (nA)	ions per sec	measured	(?)	(bits)	(bits)	slit (bits)	IMF Corrected	d18O SMOW	(?)	
F1-18O-Pt@02	12.02.2021	04:00:00	15.92	-100	-2965	1.1	2.34E+09	0.00205262	0.12	11	16	4	0.0020603	27.48	0.12	
F1-18O-Pt@03	12.02.2021	04:04:00	15.98	40	-2975	1.11	2.34E+09	0.00205409	0.11	12	14	4	0.00206177	28.21	0.11	
F1-18O-Pt@04	12.02.2021	04:08:00	16.05	27	-3037	1.11	2.33E+09	0.00205395	0.13	12	15	2	0.00206163	28.14	0.13	
F1-18O-Pt@05	12.02.2021	04:12:00	16.12	138	-3059	1.12	2.35E+09	0.00205804	0.11	13	14	4	0.00206574	30.19	0.11	
F1-18O-Pt@06	12.02.2021	04:16:00	16.18	124	-3150	1.09	2.33E+09	0.00205215	0.09	13	17	5	0.00205982	27.24	0.09	
F1-18O-Pt@07	12.02.2021	04:19:00	16.23	240	-3172	1.1	2.31E+09	0.00205164	0.12	14	15	4	0.00205932	26.99	0.12	
F1-18O-Pt@08	12.02.2021	04:23:00	16.3	214	-3222	1.08	2.34E+09	0.00205223	0.07	14	16	4	0.00205991	27.28	0.07	
F1-18O-Pt@09	12.02.2021	04:27:00	16.37	399	-3266	1.1	2.31E+09	0.00204917	0.1	14	16	4	0.00205683	25.75	0.1	
F1-18O-Pt@1	12.02.2021	03:56:00	15.85	-87	-2903	1.11	2.34E+09	0.00205966	0.09	11	14	7	0.00206737	31	0.09	
F1-18O-Pt@10	12.02.2021	04:31:00	16.43	386	-3336	1.1	2.36E+09	0.0020503	0.13	15	17	4	0.00205797	26.32	0.13	
F1-18O-Pt@11	12.02.2021	04:35:00	16.5	547	-3359	1.11	2.34E+09	0.0020497	0.12	16	16	4	0.00205737	26.02	0.12	
F1-18O-Pt@12	12.02.2021	04:39:00	16.57	537	-3433	1.1	2.35E+09	0.00204888	0.11	16	17	2	0.00205655	25.61	0.11	
F1-O18-trans@02	12.02.2021	01:14:00	13.15	-96	-2779	1.11	2.37E+09	0.00205526	0.1	10	13	5	0.00206295	28.8	0.1	
F1-O18-trans@03	12.02.2021	01:17:00	13.2	-57	-2809	1.11	2.39E+09	0.00205516	0.11	11	14	2	0.00206285	28.75	0.11	
F1-O18-trans@04	12.02.2021	01:21:00	13.27	-18	-2839	1.12	2.39E+09	0.00205907	0.1	11	14	3	0.00206677	30.71	0.1	
F1-O18-trans@05	12.02.2021	01:25:00	13.33	21	-2869	1.12	2.41E+09	0.00205347	0.1	11	13	1	0.00206115	27.9	0.1	
F1-O18-trans@06	12.02.2021	01:29:00	13.4	60	-2899	1.11	2.37E+09	0.00205288	0.1	12	13	4	0.00206057	27.61	0.1	
F1-O18-trans@07	12.02.2021	01:33:00	13.47	99	-2929	1.11	2.39E+09	0.00205323	0.08	11	14	2	0.00206091	27.78	0.08	
F1-O18-trans@08	12.02.2021	01:41:00	13.6	138	-2959	1.11	1.64E+09	0.00205196	0.11	12	10	7	0.00205963		0.11	low count rate, discard
F1-O18-trans@09	12.02.2021	01:45:00	13.67	177	-2989	1.12	2.38E+09	0.00205355	0.12	12	14	1	0.00206124	27.95	0.12	
F1-O18-trans@01	12.02.2021	01:10:00	13.08	-134	-2749	1.11	2.39E+09	0.00205498	0.1	10	12	4	0.00206267	28.66	0.1	
F1-O18-trans@10	12.02.2021	01:49:00	13.73	216	-3019	1.12	2.39E+09	0.00205617	0.1	12	14	4	0.00206387	29.26	0.1	
F1-O18-trans@11	12.02.2021	01:52:00	13.78	255	-3049	1.12	2.28E+09	0.00205285	0.12	13	14	4	0.00206053	27.6	0.12	
F1-O18-trans@12	12.02.2021	01:56:00	13.85	294	-3079	1.12	2.41E+09	0.0020568	0.12	13	14	3	0.00206449	29.57	0.12	
F1-O18-trans@13	12.02.2021	02:00:00	13.92	333	-3109	1.12	2.37E+09	0.00205445	0.07	13	14	3	0.00206214	28.39	0.07	
F1-O18-trans@14	12.02.2021	02:04:00	13.98	372	-3138	1.12	2.38E+09	0.00205206	0.1	13	14	3	0.00205974	27.2	0.1	
F1-O18-trans@15	12.02.2021	02:08:00	14.05	411	-3167	1.12	2.40E+09	0.002054	0.07	14	15	3	0.00206169	28.17	0.07	
F1-O18-trans@16	12.02.2021	02:12:00	14.12	450	-3196	1.12	2.44E+09	0.00205029	0.12	14	14	1	0.00205796	26.31	0.12	
F1-O18-trans@17	12.02.2021	02:16:00	14.18	478	-3217	1.12	2.44E+09	0.00205012	0.08	14	14	2	0.0020578	26.23	0.08	
F1-O18-trans@18	12.02.2021	02:19:00	14.23	506	-3238	1.12	2.41E+09	0.00205005	0.08	14	14	4	0.00205772	26.19	0.08	
F1-O18-trans@19	12.02.2021	02:23:00	14.3	534	-3259	1.11	2.41E+09	0.00205255	0.11	14	14	4	0.00206023	27.44	0.11	
F1-O18-trans@20	12.02.2021	02:27:00	14.37	562	-3280	1.1	2.39E+09	0.00205362	0.09	15	14	3	0.0020613	27.98	0.09	
F1-O18-trans@21	12.02.2021	02:31:00	14.43	591	-3301	1.09	2.38E+09	0.00205088	0.09	15	15	3	0.00205855	26.61	0.09	
F1-O18-trans@22	12.02.2021	02:35:00	14.5	619	-3322	1.09	2.36E+09	0.00204893	0.08	15	15	4	0.00205659	25.63	0.08	
F1-O18-trans@23	12.02.2021	02:39:00	14.57	647	-3343	1.09	2.37E+09	0.00204854	0.12	15	15	6	0.00205621	25.44	0.12	
F1-O18-trans@24	12.02.2021	02:51:00	14.77	676	-3364	1.08	2.39E+09	0.0020491	0.12	15	16	4	0.00205677	25.72	0.12	
F1-O18-trans@25	12.02.2021	02:54:00	14.82	704	-3385	1.09	2.36E+09	0.00205415	0.1	15	16	3	0.00206184	28.25	0.1	
F1-O18-trans@26	12.02.2021	02:58:00	14.88	732	-3406	1.08	2.38E+09	0.0020527	0.07	16	16	5	0.00206038	27.52	0.07	
F1-O18-trans@27	12.02.2021	03:02:00	14.95	760	-3427	1.08	2.37E+09	0.00205084	0.08	16	16	4	0.00205851	26.59	0.08	
F1-O18-trans@28	12.02.2021	03:06:00	15.02	789	-3448	1.08	2.36E+09	0.00204839	0.12	16	15	3	0.00205605	25.36	0.12	
F1-O18-trans@29	12.02.2021	03:10:00	15.08	817	-3469	1.08	2.36E+09	0.00204956	0.07	16	15	2	0.00205723	25.95	0.07	
F1-O18-trans@30	12.02.2021	03:14:00	15.15	845	-3489	1.08	2.38E+09	0.00204969	0.12	17	15	3	0.00205736	26.01	0.12	
F1-O18-trans@31	12.02.2021	03:18:00	15.22	874	-3509	1.08	2.25E+09	0.00204801	0.12	17	15	2	0.00205567	25.17	0.12	
F1-O18-trans@32	12.02.2021	03:21:00	15.27	902	-3529	1.09	2.30E+09	0.00204745	0.13	16	16	0	0.00205512	24.89	0.13	
F1-O18-trans@33	12.02.2021	03:25:00	15.33	930	-3549	1.09	1.95E+09	0.00204254	0.1	14	24	7	0.00205019		0.1	low count rate, discard
F1-O18-trans@34	12.02.2021	03:29:00	15.4	958	-3569	1.09	2.21E+09	0.00204729	0.11	15	20	5	0.00205495	24.81	0.11	
F1-O18-trans@35	12.02.2021	03:33:00	15.47	987	-3589	1.1	2.41E+09	0.0020497	0.09	17	18	2	0.00205737	26.02	0.09	
F1-O18-trans@36	12.02.2021	03:37:00	15.53	1015	-3609	1.1	2.44E+09	0.00204935	0.11	17	17	2	0.00205701	25.84	0.11	
F1-O18-trans@37	12.02.2021	03:41:00	15.6	1043	-3629	1.12	2.44E+09	0.00204975	0.08	17	17	2	0.00205742	26.04	0.08	
F1-O18-trans@38	12.02.2021	03:45:00	15.67	1072	-3649	1.12	2.41E+09	0.00204898	0.1	18	17	2	0.00205665	25.66	0.1	
F1-O18-trans@39	12.02.2021	03:48:00	15.72	1100	-3669	1.12	2.38E+09	0.002049	0.09	18	17	2	0.00205666	25.67	0.09	
F2-18O-Pt@02	12.02.2021	07:22:00	19.28	-1257	-6040	0.85	2.06E+09	0.00205633	0.12	-2	45	4	0.00206402	29.33	0.12	
F2-18O-Pt@03	12.02.2021	07:26:00	19.35	-1119	-5997	0.87	1.24E+07	0.00171909	#WERT!	-47	0	52				bad analysis, perhaps hit a crack or inclusion
F2-18O-Pt@04	12.02.2021	07:29:00	19.4	-1160	-5950	0.88	2.06E+09	0.00205404	0.1	2	45	3	0.00206172	28.19	0.1	
F2-18O-Pt@05	12.02.2021	07:33:00	19.47	-1031	-5916	0.86	2.07E+09	0.00205322	0.11	2	42	3	0.0020609	27.78	0.11	
F2-18O-Pt@06	12.02.2021	07:37:00	19.53	-1071	-5836	0.87	2.08E+09	0.00205844	0.09	3	42	4	0.00206614	30.39	0.09	
F2-18O-Pt@07	12.02.2021	07:41:00	19.6	-972	-5809	0.88	2.06E+09	0.00205241	0.11	4	40	4	0.00206009	27.37	0.11	
F2-18O-Pt@08	12.02.2021	07:45:00	19.67	-998	-5721	0.87	2.07E+09	0.00205558	0.1	4	38	4	0.00206327	28.96	0.1	
F2-18O-Pt@09	12.02.2021	07:49:00	19.73	-835	-5614	0.88	2.07E+09	0.00205058	0.12	6	36	7	0.00205825	26.46	0.12	
F2-18O-Pt@1	12.02.2021	07:18:00	19.22	-1215	-6097	0.88	2.08E+09	0.00205494	0.09	-1	45	5	0.00206263	28.64	0.09	
F2-18O-Pt@10	12.02.2021	07:53:00	19.8	-855	-5537	0.86	2.08E+09	0.00204979	0.06	6	35	4	0.00205745	26.06	0.06	
F2-18O-Pt@11	12.02.2021	07:56:00	19.85	-674	-5462	0.87	2.06E+09	0.00205259	0.1	8	33	5	0.00206027	27.46	0.1	
F2-18O-Pt@12	12.02.2021	08:00:00	19.92	-712	-5373	0.86	2.06E+09	0.0020507	0.1	8	33	4	0.00205837	26.52	0.1	
F2-18O-trans@02	12.02.2021	04:47:00	16.7	-1155	-6188	1.06	2.29E+09	0.00205997	0.1	0	46	5	0.00206768	31.16	0.1	
F2-18O-trans@03	12.02.2021	04:50:00	16.75	-1122	-6148	1.04	2.28E+09	0.00205376	0.1	0	46	3	0.00206144	28.05	0.1	
F2-18O-trans@04	12.02.2021	05:02:00	16.95	-1089	-6108	1.05	2.28E+09	0.00205648	0.09	3	45	2	0.00206417	29.41	0.09	
F2-18O-trans@05	12.02.2021	05:06:00	17.02	-1056	-6068	1.05	2.36E+09	0.00205204	0.08	1	45	2	0.00205972	27.19	0.08	
F2-18O-trans@06	12.02.2021	05:10:00	17.08	-1023	-6028	1.05	2.31E+09	0.00205631	0.11	0	45	7	0.002064	29.32	0.11	
F2-18O-trans@07	12.02.2021	05:14:00	17.15	-990	-5988	1.06	2.27E+09	0.00205314	0.08	3	43	4	0.00206083	27.74	0.08	
F2-18O-trans@08	12.02.2021	05:18:00	17.22	-957	-5948	1.05	2.06E+09	0.00205325	0.1	3	43	3	0.00206093	27.79	0.1	
F2-18O-trans@09	12.02.2021	05:22:00	17.28	-924	-5908	1.05	2.26E+09	0.00205689	0.1	4	42	4	0.00206459	29.62	0.1	
F2-18O-trans@1	12.02.2021	04:43:00	16.63	-1187	-6228	1.06	2.27E+09	0.00205507	0.11	0	46	4	0.00206276	28.7	0.11	
F2-18O-trans@10	12.02.2021	05:26:00	17.35	-891	-5867	1.05	2.27E+09	0.00205327	0.09	4	40	6	0.00206096	27.81	0.09	
F2-18O-trans@11	12.02.2021	05:29:00	17.4	-858	-5826	1.05	2.27E+09	0.00205202	0.12	5	40	5	0.0020597	27.18	0.12	
F2-18O-trans@12	12.02.2021	05:33:00	17.47	-825	-5785	1.04	2.26E+09	0.00205328	0.1	6	40	3	0.00206096	27.81	0.1	
F2-18O-trans@13	12.02.2021	05:37:00	17.53	-792	-5744	1.03	2.26E+09	0.00205234	0.09	6	39	4	0.00206002	27.34	0.09	
F2-18O-trans@14	12.02.2021	05:41:00	17.6	-759	-5703	1.03	2.21E+09	0.00205502	0.1	7	38	6	0.00206271	28.68	0.1	
F2-18O-trans@15	12.02.2021	05:45:00	17.67	-736	-5677	1.02	2.18E+09	0.00205209	0.14	6	37	6	0.00205976	27.21	0.14	
F2-18O-trans@16	12.02.2021	05:49:00	17.73	-713	-5651	1.02	2.22E+09	0.00205257	0.11	7	37	6	0.00206025	27.45	0.11	
F2-18O-trans@17	12.02.2021	05:52:00	17.78	-690	-5625	1.01	2.23E+09	0.00205312	0.09	8	36	4	0.0020608	27.73	0.09	
F2-18O-trans@18	12.02.2021	05:56:00	17.85	-667	-5599	1.01	2.24E+09	0.00205074	0.12	8	35	6	0.00205842	26.54	0.12	
F2-18O-trans@19	12.02.2021	06:04:00	17.98	-644	-5573	1	5.87E+08	0.00204288	0.21	6	36	9	0.00205053		0.21	low count rate, discard
F2-18O-trans@20	12.02.2021	06:08:00	18.05	-621	-5547	1.01	2.17E+09	0.00205358	0.08	10	35	6	0.00206127	27.96	0.08	
F2-18O-trans@21	12.02.2021	06:12:00	18.12	-598	-5521	1.01	1.70E+09	0.00205289	0.1	9	34	3	0.00206058		0.1	low count rate, discard
F2-18O-trans@22	12.02.2021	06:16:00	18.18	-575	-5495	1.01	2.20E+09	0.00205016	0.13	9	34	9	0.00205783	26.25	0.13	
F2-18O-trans@23	12.02.2021	06:20:00	18.25	-551	-5469	1	1.77E+09	0.00202237	0.1	17	32	25	0.00202993		0.1	centering problem, discard
F2-18O-trans@24	12.02.2021	06:24:00	18.32	-527	-5443	0.99	2.23E+09	0.00204947	0.12	10	33	3	0.00205714	25.9	0.12	
F2-18O-trans@25	12.02.2021	06:27:00	18.37	-503	-5417	0.99	2.20E+09	0.00205372	0.1	10	33	3	0.0020614	28.03	0.1	
F2-18O-trans@26	12.02.2021	06:31:00	18.43	-479	-5390	0.99	2.18E+09	0.00205192	0.1	11	32	5	0.0020596	27.13	0.1	
F2-18O-trans@27	12.02.2021	06:35:00	18.5	-455	-5363	0.97	2.15E+09	0.00205108	0.1	11	32	7	0.00205875	26.71	0.1	
F2-18O-trans@28	12.02.2021	06:39:00	18.57	-431	-5336	0.98	2.11E+09	0.00205029	0.13	11	31	6	0.00205796	26.31	0.13	
F2-18O-trans@29	12.02.2021	06:43:00	18.63	-407	-5309	0.97	2.10E+09	0.00204806	0.13	11	31	2	0.00205572	25.19	0.13	
F2-18O-trans@30	12.02.2021	06:47:00	18.7	-383	-5282	0.96	2.16E+09	0.00204993	0.11	11	31	4	0.0020576	26.13	0.11	
F2-18O-trans@31	12.02.2021	06:51:00	18.77	-359	-5255	0.95	2.07E+09	0.00204815	0.14	12	30	5	0.00205581	25.24	0.14	
F2-18O-trans@32	12.02.2021	06:54:00	18.82	-335	-5228	0.95	2.09E+09	0.0020473	0.08	12	30	3	0.00205496	24.82	0.08	
F2-18O-trans@33	12.02.2021	06:58:00	18.88	-311	-5201	0.94	2.09E+09	0.00204635	0.13	12	29	2	0.00205401	24.34	0.13	
F2-18O-trans@34	12.02.2021	07:10:00	19.08	-287	-5174	0.92	2.12E+09	0.0020507	0.12	12	29	3	0.00205837	26.52	0.12	
F2-18O-trans@35	12.02.2021	07:14:00	19.15	-263	-5147	0.92	2.11E+09	0.00205045	0.13	12	28	8	0.00205813	26.39	0.13	
G-O18-Pt@1	12.02.2021	00:39:00	12.57	5212	-2317	1.11	2.39E+09	0.00205052	0.12	40	19	0	0.00205819	26.43	0.12	
G-O18-Pt@2	12.02.2021	00:42:00	12.62	5158	-2384	1.12	2.39E+09	0.00204993	0.08	40	18	0	0.0020576	26.13	0.08	
G-O18-Pt@3	12.02.2021	00:46:00	12.68	4931	-2195	1.1	2.37E+09	0.00204831	0.09	37	17	2	0.00205598	25.32	0.09	
G-O18-Pt@4	12.02.2021	00:50:00	12.75	4900	-2267	1.11	2.35E+09	0.00204822	0.09	37	17	2	0.00205589	25.28	0.09	
G-O18-Pt@5	12.02.2021	00:54:00	12.82	4740	-2125	1.1	2.37E+09	0.00204874	0.07	35	17	0	0.00205641	25.54	0.07	
G-O18-Pt@6	12.02.2021	00:58:00	12.88	4697	-2196	1.1	2.37E+09	0.00204787	0.1	35	17	1	0.00205554	25.1	0.1	
G-O18-Pt@7	12.02.2021	01:02:00	12.95	4522	-2019	1.1	2.37E+09	0.0020474	0.1	33	15	3	0.00205506	24.87	0.1	
G-O18-Pt@8	12.02.2021	01:06:00	13.02	4480	-2083	1.1	2.34E+09	0.00204855	0.1	32	15	4	0.00205622	25.44	0.1	
G-O18-trans@02	11.02.2021	21:55:00	9.83	5286	-2118	1.22	2.54E+09	0.00204844	0.09	41	16	-2	0.00205611	25.39	0.09	
G-O18-trans@03	11.02.2021	21:59:00	9.9	5239	-2098	1.23	2.48E+09	0.00204771	0.08	40	16	-1	0.00205537	25.02	0.08	
G-O18-trans@04	11.02.2021	22:03:00	9.97	5193	-2078	1.2	2.48E+09	0.00205221	0.13	40	15	0	0.00205989	27.27	0.13	
G-O18-trans@05	11.02.2021	22:06:00	10.02	5147	-2058	1.19	2.46E+09	0.00204755	0.08	39	16	0	0.00205521	24.94	0.08	
G-O18-trans@06	11.02.2021	22:10:00	10.08	5100	-2038	1.18	2.44E+09	0.00204702	0.1	40	16	0	0.00205468	24.67	0.1	
G-O18-trans@07	11.02.2021	22:14:00	10.15	5054	-2018	1.18	2.47E+09	0.00204779	0.09	38	15	1	0.00205545	25.06	0.09	
G-O18-trans@08	11.02.2021	22:18:00	10.22	5008	-1998	1.18	2.47E+09	0.00204921	0.1	37	15	0	0.00205688	25.77	0.1	
G-O18-trans@09	11.02.2021	22:30:00	10.42	4961	-1978	1.16	2.46E+09	0.00204793	0.1	37	15	0	0.00205559	25.13	0.1	
G-O18-trans@1	11.02.2021	21:51:00	9.77	5333	-2138	1.22	2.55E+09	0.00204889	0.1	41	16	-1	0.00205656	25.61	0.1	
G-O18-trans@10	11.02.2021	22:34:00	10.48	4915	-1958	1.15	2.45E+09	0.0020477	0.09	37	15	1	0.00205537	25.02	0.09	
G-O18-trans@11	11.02.2021	22:38:00	10.55	4869	-1938	1.16	2.45E+09	0.0020502	0.08	36	14	1	0.00205787	26.27	0.08	
G-O18-trans@12	11.02.2021	22:42:00	10.62	4823	-1918	1.15	2.45E+09	0.00204958	0.1	35	15	2	0.00205725	25.96	0.1	
G-O18-trans@13	11.02.2021	22:46:00	10.68	4776	-1898	1.15	2.44E+09	0.0020477	0.11	35	14	1	0.00205536	25.01	0.11	
G-O18-trans@14	11.02.2021	22:50:00	10.75	4730	-1878	1.15	2.43E+09	0.00204761	0.11	34	14	1	0.00205527	24.97	0.11	
G-O18-trans@15	11.02.2021	22:53:00	10.8	4684	-1858	1.14	2.41E+09	0.00204726	0.12	34	14	1	0.00205492	24.79	0.12	
G-O18-trans@16	11.02.2021	22:57:00	10.87	4638	-1838	1.14	2.43E+09	0.00204666	0.1	33	13	1	0.00205432	24.5	0.1	
G-O18-trans@17	11.02.2021	23:01:00	10.93	4591	-1818	1.14	2.41E+09	0.00204796	0.11	33	14	4	0.00205562	25.15	0.11	
G-O18-trans@18	11.02.2021	23:05:00	11	4546	-1797	1.14	2.43E+09	0.00204704	0.09	33	13	0	0.0020547	24.68	0.09	
G-O18-trans@19	11.02.2021	23:09:00	11.07	4545	-1797	1.14	2.66E+09	0.00204341	0.08	34	13	-4	0.00205106	22.87	0.08	
G-O18-trans@20	11.02.2021	23:13:00	11.13	4513	-1784	1.13	2.41E+09	0.00205012	0.12	32	13	0	0.00205779	26.23	0.12	
G-O18-trans@21	11.02.2021	23:17:00	11.2	4481	-1771	1.13	2.41E+09	0.00205045	0.11	32	12	0	0.00205812	26.39	0.11	
G-O18-trans@22	11.02.2021	23:21:00	11.27	4449	-1758	1.13	2.42E+09	0.00204935	0.09	32	13	0	0.00205702	25.84	0.09	
G-O18-trans@23	11.02.2021	23:24:00	11.32	4417	-1745	1.14	2.43E+09	0.00204895	0.11	32	12	-2	0.00205662	25.64	0.11	
G-O18-trans@24	11.02.2021	23:32:00	11.45	4385	-1732	1.13	2.43E+09	0.00204791	0.11	32	12	0	0.00205557	25.12	0.11	
G-O18-trans@25	11.02.2021	23:36:00	11.52	4354	-1719	1.14	2.45E+09	0.00204792	0.1	31	12	1	0.00205558	25.13	0.1	
G-O18-trans@26	11.02.2021	23:40:00	11.58	4322	-1706	1.13	2.42E+09	0.00204732	0.12	32	12	-1	0.00205498	24.82	0.12	
G-O18-trans@27	11.02.2021	23:44:00	11.65	4290	-1693	1.14	2.37E+09	0.00204571	0.12	31	12	-2	0.00205336	24.02	0.12	
G-O18-trans@28	11.02.2021	23:48:00	11.72	4258	-1679	1.14	2.37E+09	0.00204629	0.09	31	12	0	0.00205395	24.31	0.09	
G-O18-trans@29	11.02.2021	23:52:00	11.78	4227	-1665	1.13	2.27E+09	0.00204424	0.13	30	13	-2	0.00205189	23.28	0.13	
G-O18-trans@30	11.02.2021	23:56:00	11.85	4195	-1651	1.13	2.14E+09	0.00204384	0.09	29	12	1	0.00205149	23.08	0.09	
G-O18-trans@31	12.02.2021	00:00:00	11.92	4163	-1637	1.13	2.39E+09	0.0020466	0.12	29	13	-1	0.00205426	24.47	0.12	
G-O18-trans@32	12.02.2021	00:03:00	11.97	4131	-1623	1.13	2.38E+09	0.00204497	0.11	29	12	1	0.00205262	23.65	0.11	
G-O18-trans@33	12.02.2021	00:07:00	12.03	4100	-1609	1.13	2.15E+09	0.00204557	0.1	29	12	-3	0.00205323	23.95	0.1	
G-O18-trans@34	12.02.2021	00:11:00	12.1	4068	-1595	1.13	1.90E+09	0.00204371	0.11	28	12	2	0.00205136	23.02	0.11	
G-O18-trans@35	12.02.2021	00:15:00	12.17	4036	-1581	1.13	2.20E+09	0.00204534	0.11	29	13	-2	0.00205299	23.83	0.11	
G-O18-trans@36	12.02.2021	00:19:00	12.23	4005	-1567	1.13	8.03E+08	0.00203844	0.22	24	12	7	0.00204607	20.38	0.22	
G-O18-trans@37	12.02.2021	00:23:00	12.3	3973	-1553	1.13	2.42E+09	0.00204621	0.1	28	11	0	0.00205387	24.27	0.1	
G-O18-trans@38	12.02.2021	00:27:00	12.37	3941	-1539	1.13	2.42E+09	0.00204663	0.12	28	11	3	0.00205428	24.48	0.12	
H-18O-Pt@1	11.02.2021	21:35:00	9.5	5773	479	1.24	2.57E+09	0.00205317	0.08	41	0	-4	0.00206085	27.75	0.08	
H-18O-Pt@2	11.02.2021	21:39:00	9.57	5762	401	1.25	2.55E+09	0.00204833	0.1	41	1	-1	0.002056	25.33	0.1	
H-18O-Pt@3	11.02.2021	21:43:00	9.63	5559	397	1.22	2.54E+09	0.00204739	0.13	39	3	0	0.00205505	24.86	0.13	
H-18O-Pt@4	11.02.2021	21:47:00	9.7	5551	325	1.2	2.54E+09	0.00204681	0.08	38	3	0	0.00205447	24.57	0.08	
H-18O-trans@02	11.02.2021	19:02:00	6.95	5697	583	1.22	2.57E+09	0.00204671	0.1	40	0	-2	0.00205437	24.52	0.1	
H-18O-trans@03	11.02.2021	19:06:00	7.02	5654	563	1.23	2.55E+09	0.00205234	0.11	40	0	-2	0.00206002	27.34	0.11	
H-18O-trans@04	11.02.2021	19:14:00	7.15	5611	544	1.21	2.52E+09	0.00204577	0.13	39	2	-1	0.00205343	24.05	0.13	
H-18O-trans@05	11.02.2021	19:18:00	7.22	5568	525	1.21	2.53E+09	0.002046	0.08	39	1	2	0.00205365	24.16	0.08	
H-18O-trans@06	11.02.2021	19:22:00	7.28	5525	505	1.21	2.54E+09	0.00205243	0.12	38	1	3	0.00206011	27.39	0.12	
H-18O-trans@07	11.02.2021	19:26:00	7.35	5482	487	1.2	2.55E+09	0.00204735	0.08	38	2	-2	0.00205501	24.84	0.08	
H-18O-trans@08	11.02.2021	19:29:00	7.4	5439	467	1.2	2.48E+09	0.00204664	0.1	37	2	0	0.00205429	24.48	0.1	
H-18O-trans@09	11.02.2021	19:33:00	7.47	5396	449	1.19	2.51E+09	0.00204631	0.08	37	2	2	0.00205396	24.32	0.08	
H-18O-trans@1	11.02.2021	18:58:00	6.88	5740	603	1.22	2.54E+09	0.00204791	0.09	39	0	-3	0.00205557	25.12	0.09	
H-18O-trans@10	11.02.2021	19:37:00	7.53	5364	435	1.19	2.51E+09	0.00204685	0.09	37	4	-1	0.00205451	24.59	0.09	
H-18O-trans@11	11.02.2021	19:41:00	7.6	5332	422	1.19	2.54E+09	0.00205132	0.09	36	3	1	0.00205899	26.83	0.09	
H-18O-trans@12	11.02.2021	19:45:00	7.67	5301	409	1.19	2.58E+09	0.00204952	0.09	36	3	0	0.00205719	25.93	0.09	
H-18O-trans@13	11.02.2021	19:49:00	7.73	5269	396	1.2	2.58E+09	0.00204783	0.08	37	4	-2	0.00205549	25.08	0.08	
H-18O-trans@14	11.02.2021	19:53:00	7.8	5238	383	1.2	2.57E+09	0.00204615	0.09	35	3	-1	0.0020538	24.24	0.09	
H-18O-trans@15	11.02.2021	19:57:00	7.87	5207	370	1.2	2.55E+09	0.00204666	0.09	36	4	-2	0.00205432	24.49	0.09	
H-18O-trans@16	11.02.2021	20:01:00	7.93	5176	357	1.19	2.54E+09	0.0020457	0.09	35	4	1	0.00205335	24.01	0.09	
H-18O-trans@17	11.02.2021	20:05:00	8	5144	344	1.19	2.54E+09	0.00204593	0.09	34	4	-1	0.00205358	24.13	0.09	
H-18O-trans@18	11.02.2021	20:09:00	8.07	5113	331	1.19	2.55E+09	0.00204498	0.1	34	4	-3	0.00205263	23.66	0.1	
H-18O-trans@19	11.02.2021	20:21:00	8.27	5082	318	1.18	2.57E+09	0.00204545	0.09	34	4	-2	0.0020531	23.89	0.09	
H-18O-trans@20	11.02.2021	20:25:00	8.33	5050	305	1.19	2.55E+09	0.00204589	0.12	35	5	-1	0.00205355	24.11	0.12	
H-18O-trans@21	11.02.2021	20:29:00	8.4	5019	292	1.18	2.51E+09	0.00204395	0.11	35	4	-3	0.0020516	23.14	0.11	
H-18O-trans@22	11.02.2021	20:32:00	8.45	4988	279	1.19	2.57E+09	0.00204582	0.13	33	5	-2	0.00205347	24.07	0.13	
H-18O-trans@23	11.02.2021	20:36:00	8.52	4956	266	1.19	2.54E+09	0.00204648	0.11	33	5	0	0.00205414	24.41	0.11	
H-18O-trans@24	11.02.2021	20:40:00	8.58	4925	253	1.2	2.52E+09	0.00204602	0.09	32	4	1	0.00205367	24.17	0.09	
H-18O-trans@25	11.02.2021	20:44:00	8.65	4894	240	1.2	2.57E+09	0.00204741	0.09	33	4	-1	0.00205507	24.87	0.09	
H-18O-trans@26	11.02.2021	20:48:00	8.72	4862	227	1.2	2.55E+09	0.00204992	0.1	32	5	-1	0.00205759	26.13	0.1	
H-18O-trans@27	11.02.2021	20:52:00	8.78	4831	214	1.19	2.53E+09	0.00205285	0.12	32	6	1	0.00206053	27.59	0.12	
H-18O-trans@28	11.02.2021	20:56:00	8.85	4800	201	1.19	2.54E+09	0.0020511	0.11	31	5	2	0.00205878	26.72	0.11	
H-18O-trans@29	11.02.2021	21:00:00	8.92	4768	188	1.2	2.57E+09	0.00204896	0.13	31	5	0	0.00205663	25.65	0.13	
H-18O-trans@30	11.02.2021	21:04:00	8.98	4737	175	1.21	2.59E+09	0.00204883	0.11	31	5	-1	0.0020565	25.58	0.11	
H-18O-trans@31	11.02.2021	21:08:00	9.05	4706	162	1.22	2.59E+09	0.00204814	0.09	31	6	0	0.0020558	25.24	0.09	
H-18O-trans@32	11.02.2021	21:12:00	9.12	4674	149	1.22	2.38E+09	0.00204704	0.12	30	6	2	0.0020547	24.68	0.12	
H-18O-trans@33	11.02.2021	21:15:00	9.17	4643	136	1.22	2.58E+09	0.0020465	0.1	30	6	-1	0.00205415	24.41	0.1	
H-18O-trans@34	11.02.2021	21:23:00	9.3	4612	123	1.23	2.60E+09	0.00204671	0.12	30	6	-2	0.00205437	24.52	0.12	
H-18O-trans@35	11.02.2021	21:27:00	9.37	4580	110	1.22	2.59E+09	0.00204707	0.11	30	7	1	0.00205473	24.7	0.11	
H-18O-trans@36	11.02.2021	21:31:00	9.43	4550	97	1.23	2.60E+09	0.0020475	0.11	30	6	0	0.00205516	24.91	0.11	
I-18O-Pt@02	11.02.2021	17:50:00	5.75	5021	3305	1.26	2.58E+09	0.00204647	0.08	40	-18	1	0.00205412	24.4	0.08	
I-18O-Pt@03	11.02.2021	17:54:00	5.82	4944	3339	1.27	2.58E+09	0.00204681	0.11	39	-15	-2	0.00205447	24.57	0.11	
I-18O-Pt@04	11.02.2021	17:58:00	5.88	4917	3275	1.25	2.58E+09	0.00204595	0.11	39	-15	0	0.00205361	24.14	0.11	
I-18O-Pt@05	11.02.2021	18:10:00	6.08	4811	3325	1.24	2.55E+09	0.00204703	0.09	38	-16	2	0.00205469	24.68	0.09	
I-18O-Pt@06	11.02.2021	18:14:00	6.15	4781	3257	1.22	2.57E+09	0.00204548	0.09	37	-15	0	0.00205314	23.91	0.09	
I-18O-Pt@07	11.02.2021	18:18:00	6.22	4667	3282	1.23	2.58E+09	0.00204634	0.1	36	-13	1	0.002054	24.34	0.1	
I-18O-Pt@08	11.02.2021	18:22:00	6.28	4637	3225	1.22	2.56E+09	0.00204563	0.09	35	-12	2	0.00205329	23.98	0.09	
I-18O-Pt@09	11.02.2021	18:26:00	6.35	4510	3270	1.23	2.60E+09	0.00204593	0.09	34	-13	2	0.00205359	24.13	0.09	
I-18O-Pt@1	11.02.2021	17:46:00	5.68	5042	3380	1.26	2.61E+09	0.0020472	0.06	41	-19	-2	0.00205486	24.76	0.06	
I-18O-Pt@10	11.02.2021	18:30:00	6.42	4484	3214	1.22	2.54E+09	0.00204481	0.12	33	-11	2	0.00205246	23.57	0.12	
I-18O-Pt@11	11.02.2021	18:34:00	6.48	4373	3213	1.22	2.53E+09	0.0020454	0.08	32	-10	5	0.00205306	23.87	0.08	
I-18O-Pt@12	11.02.2021	18:38:00	6.55	4337	3139	1.2	2.54E+09	0.00204584	0.08	31	-9	0	0.0020535	24.09	0.08	
I-18O-Pt@13	11.02.2021	18:42:00	6.62	4216	3205	1.22	2.54E+09	0.00204575	0.1	32	-10	2	0.0020534	24.04	0.1	
I-18O-Pt@14	11.02.2021	18:46:00	6.68	4189	3124	1.21	2.51E+09	0.00204323	0.12	30	-9	-1	0.00205087	22.78	0.12	
I-18O-Pt@15	11.02.2021	18:50:00	6.75	3856	3155	1.21	2.55E+09	0.00204921	0.11	27	-7	1	0.00205688	25.77	0.11	
I-18O-Pt@16	11.02.2021	18:54:00	6.82	3839	3085	1.2	2.54E+09	0.00204961	0.11	27	-7	4	0.00205728	25.97	0.11	
I-18O-trans@02	11.02.2021	15:02:00	2.95	5017	3418	1.36	2.74E+09	0.00204646	0.07	41	-17	1	0.00205412	24.4	0.07	
I-18O-trans@03	11.02.2021	15:06:00	3.02	4970	3408	1.36	2.75E+09	0.00204579	0.1	40	-17	-2	0.00205344	24.06	0.1	
I-18O-trans@04	11.02.2021	15:10:00	3.08	4922	3398	1.37	2.79E+09	0.002047	0.1	39	-16	3	0.00205466	24.67	0.1	
I-18O-trans@05	11.02.2021	15:14:00	3.15	4875	3388	1.36	2.78E+09	0.00204558	0.11	40	-14	-1	0.00205323	23.95	0.11	
I-18O-trans@06	11.02.2021	15:18:00	3.22	4827	3378	1.36	2.76E+09	0.00205133	0.08	39	-15	1	0.002059	26.83	0.08	
I-18O-trans@07	11.02.2021	15:22:00	3.28	4780	3367	1.35	2.76E+09	0.00204608	0.08	38	-13	2	0.00205373	24.2	0.08	
I-18O-trans@08	11.02.2021	15:26:00	3.35	4732	3357	1.35	2.75E+09	0.00204634	0.09	37	-14	4	0.00205399	24.33	0.09	
I-18O-trans@09	11.02.2021	15:30:00	3.42	4685	3347	1.34	2.78E+09	0.00204763	0.12	37	-12	0	0.00205529	24.98	0.12	
I-18O-trans@1	11.02.2021	14:58:00	2.88	5065	3428	1.36	2.75E+09	0.00204514	0.09	41	-18	-1	0.0020528	23.74	0.09	
I-18O-trans@10	11.02.2021	15:34:00	3.48	4637	3337	1.34	2.72E+09	0.00204486	0.1	36	-13	3	0.00205252	23.6	0.1	
I-18O-trans@11	11.02.2021	15:38:00	3.55	4590	3327	1.33	2.75E+09	0.00204507	0.1	34	-12	1	0.00205272	23.7	0.1	
I-18O-trans@12	11.02.2021	15:42:00	3.62	4543	3317	1.34	2.74E+09	0.00204862	0.08	34	-10	4	0.00205628	25.48	0.08	
I-18O-trans@13	11.02.2021	15:46:00	3.68	4495	3307	1.34	2.74E+09	0.00204515	0.11	34	-11	0	0.0020528	23.74	0.11	
I-18O-trans@14	11.02.2021	15:50:00	3.75	4448	3297	1.34	2.72E+09	0.00204378	0.1	36	-11	2	0.00205143	23.05	0.1	
I-18O-trans@15	11.02.2021	16:02:00	3.95	4400	3287	1.34	2.75E+09	0.00204908	0.12	33	-11	0	0.00205675	25.71	0.12	
I-18O-trans@16	11.02.2021	16:06:00	4.02	4353	3276	1.33	2.75E+09	0.00204465	0.07	31	-11	2	0.0020523	23.49	0.07	
I-18O-trans@17	11.02.2021	16:10:00	4.08	4305	3267	1.34	2.74E+09	0.00204586	0.11	32	-10	0	0.00205352	24.1	0.11	
I-18O-trans@18	11.02.2021	16:14:00	4.15	4258	3256	1.33	2.75E+09	0.00204919	0.08	31	-10	1	0.00205685	25.76	0.08	
I-18O-trans@19	11.02.2021	16:18:00	4.22	4211	3247	1.33	2.71E+09	0.00204501	0.09	31	-9	1	0.00205266	23.67	0.09	
I-18O-trans@20	11.02.2021	16:22:00	4.28	4163	3236	1.34	2.74E+09	0.00204418	0.09	30	-9	1	0.00205182	23.25	0.09	
I-18O-trans@21	11.02.2021	16:26:00	4.35	4128	3233	1.34	2.72E+09	0.0020441	0.09	30	-9	4	0.00205175	23.21	0.09	
I-18O-trans@22	11.02.2021	16:30:00	4.42	4093	3230	1.33	2.72E+09	0.00204406	0.08	30	-9	1	0.0020517	23.19	0.08	
I-18O-trans@23	11.02.2021	16:34:00	4.48	4059	3227	1.32	2.74E+09	0.00204277	0.09	29	-8	-1	0.00205041	22.55	0.09	
I-18O-trans@24	11.02.2021	16:38:00	4.55	4025	3224	1.32	2.65E+09	0.00204345	0.11	29	-9	1	0.0020511	22.89	0.11	
I-18O-trans@25	11.02.2021	16:42:00	4.62	3990	3221	1.31	2.71E+09	0.00204338	0.11	29	-9	3	0.00205102	22.85	0.11	
I-18O-trans@26	11.02.2021	16:46:00	4.68	3956	3218	1.31	2.70E+09	0.00204258	0.09	29	-7	1	0.00205023	22.45	0.09	
I-18O-trans@27	11.02.2021	16:50:00	4.75	3922	3215	1.31	2.73E+09	0.0020443	0.09	31	-7	-3	0.00205195	23.31	0.09	
I-18O-trans@28	11.02.2021	16:54:00	4.82	3887	3212	1.3	2.64E+09	0.00204655	0.09	28	-7	0	0.00205421	24.44	0.09	
I-18O-trans@29	11.02.2021	16:58:00	4.88	3853	3210	1.3	2.69E+09	0.00204901	0.1	28	-8	1	0.00205668	25.67	0.1	
I-18O-trans@30	11.02.2021	17:06:00	5.02	3819	3207	1.29	2.51E+09	0.00204529	0.16	27	-6	-1	0.00205294	23.81	0.16	
I-18O-trans@31	11.02.2021	17:10:00	5.08	3784	3204	1.29	2.41E+09	0.00204576	0.12	27	-5	1	0.00205342	24.05	0.12	
I-18O-trans@32	11.02.2021	17:14:00	5.15	3750	3201	1.28	2.63E+09	0.00204553	0.08	27	-6	2	0.00205318	23.93	0.08	
I-18O-trans@33	11.02.2021	17:18:00	5.22	3716	3198	1.27	2.48E+09	0.00204521	0.13	27	-6	1	0.00205286	23.77	0.13	
I-18O-trans@34	11.02.2021	17:22:00	5.28	3681	3195	1.27	2.65E+09	0.00204463	0.09	26	-6	1	0.00205228	23.48	0.09	
I-18O-trans@35	11.02.2021	17:26:00	5.35	3647	3192	1.27	2.65E+09	0.00204409	0.1	26	-6	1	0.00205174	23.21	0.1	
I-18O-trans@36	11.02.2021	17:30:00	5.42	3613	3190	1.25	2.59E+09	0.00204391	0.11	26	-6	2	0.00205156	23.12	0.11	
I-18O-trans@37	11.02.2021	17:34:00	5.48	3579	3187	1.26	2.65E+09	0.00204363	0.08	26	-6	-1	0.00205128	22.98	0.08	
I-18O-trans@38	11.02.2021	17:38:00	5.55	3544	3184	1.26	2.64E+09	0.00204477	0.1	25	-5	1	0.00205243	23.55	0.1	
I-18O-trans@39	11.02.2021	17:42:00	5.62	3511	3181	1.26	2.64E+09	0.0020438	0.11	24	-5	3	0.00205145	23.06	0.11	
