"ID"	"TL_mm"	"weight"	"sex"	"area"	"capt_date"	"age"	"cohort"	"year"	"inc_um"	"rad_um"	"core"	"d18O"	"sims_dist"
"BH-00729"	770	NA	"f"	"SB"	"14.12.2019"	4	2015	1	362.5	362.5	219.3	-7.2044651	0
"BH-00729"	770	NA	"f"	"SB"	"14.12.2019"	4	2015	1	362.5	362.5	219.3	-7.1268643	35
"BH-00729"	770	NA	"f"	"SB"	"14.12.2019"	4	2015	1	362.5	362.5	219.3	-5.8173508	70
"BH-00729"	770	NA	"f"	"SB"	"14.12.2019"	4	2015	1	362.5	362.5	219.3	-6.54485829999999	105.603030259553
"BH-00729"	770	NA	"f"	"SB"	"14.12.2019"	4	2015	1	362.5	362.5	219.3	-8.1162745	140
"BH-00729"	770	NA	"f"	"SB"	"14.12.2019"	4	2015	1	362.5	362.5	219.3	-7.3984671	175.601822314007
"BH-00729"	770	NA	"f"	"SB"	"14.12.2019"	4	2015	1	362.5	362.5	219.3	-6.0986537	210
"BH-00729"	770	NA	"f"	"SB"	"14.12.2019"	4	2015	1	362.5	362.5	219.3	-6.8455614	245.60130292814
"BH-00729"	770	NA	"f"	"SB"	"14.12.2019"	4	2015	1	362.5	362.5	219.3	-5.9240519	280
"BH-00729"	770	NA	"f"	"SB"	"14.12.2019"	4	2015	1	362.5	362.5	219.3	-5.3226457	315.60101394007
"BH-00729"	770	NA	"f"	"SB"	"14.12.2019"	4	2015	1	362.5	362.5	219.3	-4.284735	350
"BH-00729"	770	NA	"f"	"SB"	"14.12.2019"	4	2015	2	435.1	827.6	219.3	-6.2053548	384.802546769119
"BH-00729"	770	NA	"f"	"SB"	"14.12.2019"	4	2015	2	435.1	827.6	219.3	-6.1859546	418.401720837761
"BH-00729"	770	NA	"f"	"SB"	"14.12.2019"	4	2015	2	435.1	827.6	219.3	-5.3420459	453.207458014539
"BH-00729"	770	NA	"f"	"SB"	"14.12.2019"	4	2015	2	435.1	827.6	219.3	-6.2053548	486.805916151396
"BH-00729"	770	NA	"f"	"SB"	"14.12.2019"	4	2015	2	435.1	827.6	219.3	-6.3508563	521.613841840878
"BH-00729"	770	NA	"f"	"SB"	"14.12.2019"	4	2015	2	435.1	827.6	219.3	-4.9734421	555.211671347064
"BH-00729"	770	NA	"f"	"SB"	"14.12.2019"	4	2015	2	435.1	827.6	219.3	-5.6718493	590.021186060297
"BH-00729"	770	NA	"f"	"SB"	"14.12.2019"	4	2015	2	435.1	827.6	219.3	-4.8861412	623.618473106755
"BH-00729"	770	NA	"f"	"SB"	"14.12.2019"	4	2015	2	435.1	827.6	219.3	-5.5166477	658.429191333434
"BH-00729"	770	NA	"f"	"SB"	"14.12.2019"	4	2015	2	435.1	827.6	219.3	-5.2256447	692.026011071838
"BH-00729"	770	NA	"f"	"SB"	"14.12.2019"	4	2015	2	435.1	827.6	219.3	-5.3032455	726.837671010522
"BH-00729"	770	NA	"f"	"SB"	"14.12.2019"	4	2015	2	435.1	827.6	219.3	-5.2935454	761.650838639334
"BH-00729"	770	NA	"f"	"SB"	"14.12.2019"	4	2015	2	435.1	827.6	219.3	-4.1101332	809.637573238792
"BH-00729"	770	NA	"f"	"SB"	"14.12.2019"	4	2015	3	154.9	967.5	219.3	-5.8755514	857.626958531505
"BH-00729"	770	NA	"f"	"SB"	"14.12.2019"	4	2015	3	154.9	967.5	219.3	-5.2838453	905.618573131095
"BH-00729"	770	NA	"f"	"SB"	"14.12.2019"	4	2015	3	154.9	967.5	219.3	-4.7891402	953.612080460393
"BH-00729"	770	NA	"f"	"SB"	"14.12.2019"	4	2015	4	300.6	1268.1	219.3	-5.2256447	1001.60720844051
"BH-00729"	770	NA	"f"	"SB"	"14.12.2019"	4	2015	4	300.6	1268.1	219.3	-5.5263478	1049.60373474945
"BH-00729"	770	NA	"f"	"SB"	"14.12.2019"	4	2015	4	300.6	1268.1	219.3	-4.9443418	1097.60147594653
"BH-00729"	770	NA	"f"	"SB"	"14.12.2019"	4	2015	4	300.6	1268.1	219.3	-6.3799566	1145.60027932957
"BH-00729"	770	NA	"f"	"SB"	"14.12.2019"	4	2015	4	300.6	1268.1	219.3	-4.5563378	1193.60001675603
"BH-00729"	770	NA	"f"	"SB"	"14.12.2019"	4	2015	4	300.6	1268.1	219.3	-3.5475274	1240.80014506769
"BH-00729"	770	NA	"f"	"SB"	"14.12.2019"	4	2015	5	111.9	1395	219.3	-4.84734079999999	1288.0003881987
"BH-00729"	770	NA	"f"	"SB"	"14.12.2019"	4	2015	5	111.9	1395	219.3	-5.2450449	1335.8001347507
"BH-00670"	680	NA	"f"	"KB"	"01.12.2019"	5	2013	1	311.7	311.7	204	-6.7776607	0
"BH-00670"	680	NA	"f"	"KB"	"01.12.2019"	5	2013	1	311.7	311.7	204	-6.3896567	32.0156211871642
"BH-00670"	680	NA	"f"	"KB"	"01.12.2019"	5	2013	1	311.7	311.7	204	-7.0298633	66.0302960768767
"BH-00670"	680	NA	"f"	"KB"	"01.12.2019"	5	2013	1	311.7	311.7	204	-6.1956547	100.044989879554
"BH-00670"	680	NA	"f"	"KB"	"01.12.2019"	5	2013	1	311.7	311.7	204	-5.9240519	133.033830283879
"BH-00670"	680	NA	"f"	"KB"	"01.12.2019"	5	2013	1	311.7	311.7	204	-5.545748	166.027106220641
"BH-00670"	680	NA	"f"	"KB"	"01.12.2019"	5	2013	1	311.7	311.7	204	-8.2811762	200.022498734517
"BH-00670"	680	NA	"f"	"KB"	"01.12.2019"	5	2013	1	311.7	311.7	204	-6.4090569	234.019229979077
"BH-00670"	680	NA	"f"	"KB"	"01.12.2019"	5	2013	1	311.7	311.7	204	-5.3226457	267.01685340068
"BH-00670"	680	NA	"f"	"KB"	"01.12.2019"	5	2013	1	311.7	311.7	204	-4.4496367	300.014999625019
"BH-00670"	680	NA	"f"	"KB"	"01.12.2019"	5	2013	2	174.8	486.5	204	-6.903762	334.013472782162
"BH-00670"	680	NA	"f"	"KB"	"01.12.2019"	5	2013	2	174.8	486.5	204	-6.2732555	368.01222805771
"BH-00670"	680	NA	"f"	"KB"	"01.12.2019"	5	2013	2	174.8	486.5	204	-5.7203498	401.011221788119
"BH-00670"	680	NA	"f"	"KB"	"01.12.2019"	5	2013	2	174.8	486.5	204	-5.4390469	434.010368539739
"BH-00670"	680	NA	"f"	"KB"	"01.12.2019"	5	2013	2	174.8	486.5	204	-4.478737	468.00961528584
"BH-00670"	680	NA	"f"	"KB"	"01.12.2019"	5	2013	3	148.1	649.6	204	-5.2644451	501.008981955414
"BH-00670"	680	NA	"f"	"KB"	"01.12.2019"	5	2013	3	148.1	649.6	204	-5.3711462	535.008411148834
"BH-00670"	680	NA	"f"	"KB"	"01.12.2019"	5	2013	3	148.1	649.6	204	-5.6039486	568.00792247996
"BH-00670"	680	NA	"f"	"KB"	"01.12.2019"	5	2013	3	148.1	649.6	204	-4.7212395	602.007475036648
"BH-00670"	680	NA	"f"	"KB"	"01.12.2019"	5	2013	3	148.1	649.6	204	-4.3914361	636.007075432341
"BH-00670"	680	NA	"f"	"KB"	"01.12.2019"	5	2013	4	223.1	902.7	204	-4.575738	671.006706374832
"BH-00670"	680	NA	"f"	"KB"	"01.12.2019"	5	2013	4	223.1	902.7	204	-4.8570409	719.006258665389
"BH-00670"	680	NA	"f"	"KB"	"01.12.2019"	5	2013	4	223.1	902.7	204	-4.9734421	769.005851733262
"BH-00670"	680	NA	"f"	"KB"	"01.12.2019"	5	2013	4	223.1	902.7	204	-5.0995434	819.005494487064
"BH-00670"	680	NA	"f"	"KB"	"01.12.2019"	5	2013	4	223.1	902.7	204	-4.0713328	868.005184316315
"BH-00670"	680	NA	"f"	"KB"	"01.12.2019"	5	2013	5	182	1099.7	204	-5.1868443	918.004901947697
"BH-00670"	680	NA	"f"	"KB"	"01.12.2019"	5	2013	5	182	1099.7	204	-5.2450449	967.004653556538
"BH-00670"	680	NA	"f"	"KB"	"01.12.2019"	5	2013	5	182	1099.7	204	-5.08984329999999	1017.00442476914
"BH-00670"	680	NA	"f"	"KB"	"01.12.2019"	5	2013	5	182	1099.7	204	-3.314725	1067.00421742372
"BH-00670"	680	NA	"f"	"KB"	"01.12.2019"	5	2013	6	49.9	1149.6	204	-4.9152415	1117.0040286409
"BH-01570"	980	NA	"f"	"BEG"	"28.02.2020"	9	2011	1	357.2	357.2	150.4	-5.4972475	0
"BH-01570"	980	NA	"f"	"BEG"	"28.02.2020"	9	2011	1	357.2	357.2	150.4	-5.3711462	34.9857113690718
"BH-01570"	980	NA	"f"	"BEG"	"28.02.2020"	9	2011	1	357.2	357.2	150.4	-5.060743	69.9714227381436
"BH-01570"	980	NA	"f"	"BEG"	"28.02.2020"	9	2011	1	357.2	357.2	150.4	-4.9152415	104.957134107215
"BH-01570"	980	NA	"f"	"BEG"	"28.02.2020"	9	2011	1	357.2	357.2	150.4	-5.1480439	139.942845476287
"BH-01570"	980	NA	"f"	"BEG"	"28.02.2020"	9	2011	1	357.2	357.2	150.4	-5.3226457	174.928556845359
"BH-01570"	980	NA	"f"	"BEG"	"28.02.2020"	9	2011	1	357.2	357.2	150.4	-4.76974	209.914268214431
"BH-01570"	980	NA	"f"	"BEG"	"28.02.2020"	9	2011	1	357.2	357.2	150.4	-4.9443418	244.899979583503
"BH-01570"	980	NA	"f"	"BEG"	"28.02.2020"	9	2011	1	357.2	357.2	150.4	-4.7794401	279.885690952574
"BH-01570"	980	NA	"f"	"BEG"	"28.02.2020"	9	2011	1	357.2	357.2	150.4	-3.9355314	314.871402321646
"BH-01570"	980	NA	"f"	"BEG"	"28.02.2020"	9	2011	1	357.2	357.2	150.4	-3.9258313	349.857113690718
"BH-01570"	980	NA	"f"	"BEG"	"28.02.2020"	9	2011	2	249.6	636.8	150.4	-4.1974341	384.84282505979
"BH-01570"	980	NA	"f"	"BEG"	"28.02.2020"	9	2011	2	249.6	636.8	150.4	-4.8570409	419.828536428862
"BH-01570"	980	NA	"f"	"BEG"	"28.02.2020"	9	2011	2	249.6	636.8	150.4	-4.6630389	454.814247797933
"BH-01570"	980	NA	"f"	"BEG"	"28.02.2020"	9	2011	2	249.6	636.8	150.4	-5.254745	489.799959167005
"BH-01570"	980	NA	"f"	"BEG"	"28.02.2020"	9	2011	2	249.6	636.8	150.4	-5.4390469	524.785670536077
"BH-01570"	980	NA	"f"	"BEG"	"28.02.2020"	9	2011	2	249.6	636.8	150.4	-4.3526357	559.771381905149
"BH-01570"	980	NA	"f"	"BEG"	"28.02.2020"	9	2011	2	249.6	636.8	150.4	-3.9549316	594.757093274221
"BH-01570"	980	NA	"f"	"BEG"	"28.02.2020"	9	2011	2	249.6	636.8	150.4	-2.8103198	629.742804643292
"BH-01570"	980	NA	"f"	"BEG"	"28.02.2020"	9	2011	3	254.1	880.9	150.4	-5.40024649999999	664.728516012364
"BH-01570"	980	NA	"f"	"BEG"	"28.02.2020"	9	2011	3	254.1	880.9	150.4	NA	699.714227381436
"BH-01570"	980	NA	"f"	"BEG"	"28.02.2020"	9	2011	3	254.1	880.9	150.4	-5.7300499	734.699938750508
"BH-01570"	980	NA	"f"	"BEG"	"28.02.2020"	9	2011	3	254.1	880.9	150.4	-5.0413428	769.68565011958
"BH-01570"	980	NA	"f"	"BEG"	"28.02.2020"	9	2011	3	254.1	880.9	150.4	-5.40024649999999	804.671361488651
"BH-01570"	980	NA	"f"	"BEG"	"28.02.2020"	9	2011	3	254.1	880.9	150.4	-4.5078373	839.657072857723
"BH-01570"	980	NA	"f"	"BEG"	"28.02.2020"	9	2011	3	254.1	880.9	150.4	-4.0325324	875.157700074678
"BH-01570"	980	NA	"f"	"BEG"	"28.02.2020"	9	2011	4	183	1063.9	150.4	-5.2159446	910.659101969557
"BH-01570"	980	NA	"f"	"BEG"	"28.02.2020"	9	2011	4	183	1063.9	150.4	-5.3420459	945.305241707672
"BH-01570"	980	NA	"f"	"BEG"	"28.02.2020"	9	2011	4	183	1063.9	150.4	-4.8958413	979.953060100329
"BH-01570"	980	NA	"f"	"BEG"	"28.02.2020"	9	2011	4	183	1063.9	150.4	-5.2353448	1014.60238517362
"BH-01570"	980	NA	"f"	"BEG"	"28.02.2020"	9	2011	4	183	1063.9	150.4	-4.27503489999999	1049.2530676629
"BH-01570"	980	NA	"f"	"BEG"	"28.02.2020"	9	2011	5	119.4	1183.3	150.4	-4.9540419	1083.90497738501
"BH-01570"	980	NA	"f"	"BEG"	"28.02.2020"	9	2011	5	119.4	1183.3	150.4	-4.5951382	1118.55800028429
"BH-01570"	980	NA	"f"	"BEG"	"28.02.2020"	9	2011	5	119.4	1183.3	150.4	-3.0916227	1168.28506795217
"BH-01570"	980	NA	"f"	"BEG"	"28.02.2020"	9	2011	6	81.2	1284.5	150.4	-5.545748	1218.01313621816
"BH-01570"	980	NA	"f"	"BEG"	"28.02.2020"	9	2011	6	81.2	1284.5	150.4	-3.1789236	1266.88791927305
"BH-01570"	980	NA	"f"	"BEG"	"28.02.2020"	9	2011	7	73.4	1392.9	150.4	-4.8861412	1315.76289657369
"BH-01570"	980	NA	"f"	"BEG"	"28.02.2020"	9	2011	7	73.4	1392.9	150.4	-3.6833288	1364.63804724916
"BH-01570"	980	NA	"f"	"BEG"	"28.02.2020"	9	2011	8	189.7	1617.6	150.4	-4.6436387	1413.51335331507
"BH-01570"	980	NA	"f"	"BEG"	"28.02.2020"	9	2011	8	189.7	1617.6	150.4	-4.9831422	1462.38879919124
"BH-01570"	980	NA	"f"	"BEG"	"28.02.2020"	9	2011	8	189.7	1617.6	150.4	-4.4593368	1511.26437131297
"BH-01570"	980	NA	"f"	"BEG"	"28.02.2020"	9	2011	8	189.7	1617.6	150.4	-4.1780339	1560.14005781532
"BH-01570"	980	NA	"f"	"BEG"	"28.02.2020"	9	2011	8	189.7	1617.6	150.4	-3.0334221	1609.01584827496
"BH-01570"	980	NA	"f"	"BEG"	"28.02.2020"	9	2011	9	108.4	1726	150.4	-4.3720359	1657.8917334977
"BH-01570"	980	NA	"f"	"BEG"	"28.02.2020"	9	2011	9	108.4	1726	150.4	-2.8976207	1706.76770534247
"BH-01570"	980	NA	"f"	"BEG"	"28.02.2020"	9	2011	10	352.1	2078.1	150.4	-4.1489336	1755.64375657478
"BH-01570"	980	NA	"f"	"BEG"	"28.02.2020"	9	2011	10	352.1	2078.1	150.4	-3.993732	1804.51988074391
"BH-01570"	980	NA	"f"	"BEG"	"28.02.2020"	9	2011	10	352.1	2078.1	150.4	-5.0510429	1853.39607207958
"BH-01570"	980	NA	"f"	"BEG"	"28.02.2020"	9	2011	10	352.1	2078.1	150.4	-3.4893268	1902.27232540454
"BH-01570"	980	NA	"f"	"BEG"	"28.02.2020"	9	2011	10	352.1	2078.1	150.4	-3.1110229	1951.14863606031
"BH-01570"	980	NA	"f"	"BEG"	"28.02.2020"	9	2011	10	352.1	2078.1	150.4	-2.0731122	2000.02499984375
"BH-01570"	980	NA	"f"	"BEG"	"28.02.2020"	9	2011	10	352.1	2078.1	150.4	-5.0122425	2049.41845409863
"BH-01555"	760	NA	"f"	"BEG"	"8.2.2020"	4	2016	1	314.8	314.8	196.5	-5.8270509	0
"BH-01555"	760	NA	"f"	"BEG"	"8.2.2020"	4	2016	1	314.8	314.8	196.5	-6.030753	32.6955654485436
"BH-01555"	760	NA	"f"	"BEG"	"8.2.2020"	4	2016	1	314.8	314.8	196.5	-6.2053548	67.2309452558864
"BH-01555"	760	NA	"f"	"BEG"	"8.2.2020"	4	2016	1	314.8	314.8	196.5	-6.3120559	100.84641788383
"BH-01555"	760	NA	"f"	"BEG"	"8.2.2020"	4	2016	1	314.8	314.8	196.5	-6.0501532	134.461890511773
"BH-01555"	760	NA	"f"	"BEG"	"8.2.2020"	4	2016	1	314.8	314.8	196.5	-5.5069476	169
"BH-01555"	760	NA	"f"	"BEG"	"8.2.2020"	4	2016	1	314.8	314.8	196.5	-5.1771442	202.615399217335
"BH-01555"	760	NA	"f"	"BEG"	"8.2.2020"	4	2016	1	314.8	314.8	196.5	-5.1092435	236.2308193272
"BH-01555"	760	NA	"f"	"BEG"	"8.2.2020"	4	2016	1	314.8	314.8	196.5	-4.0713328	270.769274475521
"BH-01555"	760	NA	"f"	"BEG"	"8.2.2020"	4	2016	1	314.8	314.8	196.5	-3.2274241	304.384625104488
"BH-01555"	760	NA	"f"	"BEG"	"8.2.2020"	4	2016	2	518.6	858.4	196.5	-4.6436387	338
"BH-01555"	760	NA	"f"	"BEG"	"8.2.2020"	4	2016	2	518.6	858.4	196.5	-5.8658513	372.538588605261
"BH-01555"	760	NA	"f"	"BEG"	"8.2.2020"	4	2016	2	518.6	858.4	196.5	-6.54485829999999	406.153911713281
"BH-01555"	760	NA	"f"	"BEG"	"8.2.2020"	4	2016	2	518.6	858.4	196.5	-6.3120559	439.769257679524
"BH-01555"	760	NA	"f"	"BEG"	"8.2.2020"	4	2016	2	518.6	858.4	196.5	-6.6418593	474.30791686414
"BH-01555"	760	NA	"f"	"BEG"	"8.2.2020"	4	2016	2	518.6	858.4	196.5	-7.5439686	507.92322254451
"BH-01555"	760	NA	"f"	"BEG"	"8.2.2020"	4	2016	2	518.6	858.4	196.5	-6.6030589	541.538548951042
"BH-01555"	760	NA	"f"	"BEG"	"8.2.2020"	4	2016	2	518.6	858.4	196.5	-6.8164611	576.077251764032
"BH-01555"	760	NA	"f"	"BEG"	"8.2.2020"	4	2016	2	518.6	858.4	196.5	-7.0395634	609.692545468616
"BH-01555"	760	NA	"f"	"BEG"	"8.2.2020"	4	2016	2	518.6	858.4	196.5	-6.5836587	643.307857872108
"BH-01555"	760	NA	"f"	"BEG"	"8.2.2020"	4	2016	2	518.6	858.4	196.5	-6.7000599	677.846590313767
"BH-01555"	760	NA	"f"	"BEG"	"8.2.2020"	4	2016	2	518.6	858.4	196.5	-6.2344551	711.46187529621
"BH-01555"	760	NA	"f"	"BEG"	"8.2.2020"	4	2016	2	518.6	858.4	196.5	-6.4769576	745.077177210522
"BH-01555"	760	NA	"f"	"BEG"	"8.2.2020"	4	2016	2	518.6	858.4	196.5	-5.6621492	778.692493863913
"BH-01555"	760	NA	"f"	"BEG"	"8.2.2020"	4	2016	2	518.6	858.4	196.5	-4.8376407	813.231209435545
"BH-01555"	760	NA	"f"	"BEG"	"8.2.2020"	4	2016	2	518.6	858.4	196.5	-3.9646317	846.846503210588
"BH-01555"	760	NA	"f"	"BEG"	"8.2.2020"	4	2016	3	198.5	1066.9	196.5	-6.1374541	881.385273305607
"BH-01555"	760	NA	"f"	"BEG"	"8.2.2020"	4	2016	3	198.5	1066.9	196.5	-6.3993568	916.307808544705
"BH-01555"	760	NA	"f"	"BEG"	"8.2.2020"	4	2016	3	198.5	1066.9	196.5	-6.2441552	962.923153735541
"BH-01555"	760	NA	"f"	"BEG"	"8.2.2020"	4	2016	3	198.5	1066.9	196.5	-5.8949516	1010.30886366497
"BH-01555"	760	NA	"f"	"BEG"	"8.2.2020"	4	2016	3	198.5	1066.9	196.5	-3.4214261	1056.92431138658
"BH-01555"	760	NA	"f"	"BEG"	"8.2.2020"	4	2016	4	113.1	1210	196.5	-6.5545584	1104.31336132458
"BH-01555"	760	NA	"f"	"BEG"	"8.2.2020"	4	2016	4	113.1	1210	196.5	-6.6612595	1151.31663759367
"BH-01555"	760	NA	"f"	"BEG"	"8.2.2020"	4	2016	4	113.1	1210	196.5	-3.4699266	1198.32049135446
"BH-01555"	760	NA	"f"	"BEG"	"8.2.2020"	4	2016	5	58	1333	196.5	-6.2053548	1245.71465432498
"BH-01555"	760	NA	"f"	"BEG"	"8.2.2020"	4	2016	5	58	1333	196.5	-5.6233488	1293.11097744934
"BH-00730"	758	NA	"m"	"SB"	"14.12.2019"	8	2011	1	354	354	318.5	-7.6215694	0
"BH-00730"	758	NA	"m"	"SB"	"14.12.2019"	8	2011	1	354	354	318.5	-7.1462645	33.1360830515618
"BH-00730"	758	NA	"m"	"SB"	"14.12.2019"	8	2011	1	354	354	318.5	-7.6991702	68.264192663504
"BH-00730"	758	NA	"m"	"SB"	"14.12.2019"	8	2011	1	354	354	318.5	-7.5633688	102.396288995256
"BH-00730"	758	NA	"m"	"SB"	"14.12.2019"	8	2011	1	354	354	318.5	-7.4760679	136.444127759314
"BH-00730"	758	NA	"m"	"SB"	"14.12.2019"	8	2011	1	354	354	318.5	-7.2141652	170.575496481763
"BH-00730"	758	NA	"m"	"SB"	"14.12.2019"	8	2011	1	354	354	318.5	-6.9328623	205.703670361032
"BH-00730"	758	NA	"m"	"SB"	"14.12.2019"	8	2011	1	354	354	318.5	-6.7776607	239.835360195281
"BH-00730"	758	NA	"m"	"SB"	"14.12.2019"	8	2011	1	354	354	318.5	-6.6612595	273.967151315628
"BH-00730"	758	NA	"m"	"SB"	"14.12.2019"	8	2011	1	354	354	318.5	-6.8940619	309.095454512033
"BH-00730"	758	NA	"m"	"SB"	"14.12.2019"	8	2011	1	354	354	318.5	-5.08984329999999	343.227329914155
"BH-00730"	758	NA	"m"	"SB"	"14.12.2019"	8	2011	2	492.1	906.1	318.5	-6.2829556	377.275761214526
"BH-00730"	758	NA	"m"	"SB"	"14.12.2019"	8	2011	2	492.1	906.1	318.5	-7.3790669	412.403928206316
"BH-00730"	758	NA	"m"	"SB"	"14.12.2019"	8	2011	2	492.1	906.1	318.5	-8.2132755	446.535552895847
"BH-00730"	758	NA	"m"	"SB"	"14.12.2019"	8	2011	2	492.1	906.1	318.5	-7.8252715	480.667244567383
"BH-00730"	758	NA	"m"	"SB"	"14.12.2019"	8	2011	2	492.1	906.1	318.5	-7.7864711	515.795502112998
"BH-00730"	758	NA	"m"	"SB"	"14.12.2019"	8	2011	2	492.1	906.1	318.5	-8.1162745	549.927267918222
"BH-00730"	758	NA	"m"	"SB"	"14.12.2019"	8	2011	2	492.1	906.1	318.5	-7.4954681	584.059072354843
"BH-00730"	758	NA	"m"	"SB"	"14.12.2019"	8	2011	2	492.1	906.1	318.5	-7.4760679	619.187370672238
"BH-00730"	758	NA	"m"	"SB"	"14.12.2019"	8	2011	2	492.1	906.1	318.5	-7.4372675	654.31567305086
"BH-00730"	758	NA	"m"	"SB"	"14.12.2019"	8	2011	2	492.1	906.1	318.5	-7.0298633	703.104544146886
"BH-00730"	758	NA	"m"	"SB"	"14.12.2019"	8	2011	2	492.1	906.1	318.5	-5.0025424	750.755619359589
"BH-00730"	758	NA	"m"	"SB"	"14.12.2019"	8	2011	2	492.1	906.1	318.5	-6.612759	798.643850536646
"BH-00730"	758	NA	"m"	"SB"	"14.12.2019"	8	2011	2	492.1	906.1	318.5	-7.2044651	847.342315714257
"BH-00730"	758	NA	"m"	"SB"	"14.12.2019"	8	2011	2	492.1	906.1	318.5	-5.0510429	895.297157372903
"BH-00730"	758	NA	"m"	"SB"	"14.12.2019"	8	2011	3	154.4	1050.5	318.5	-7.6312695	944.153059625398
"BH-00730"	758	NA	"m"	"SB"	"14.12.2019"	8	2011	3	154.4	1050.5	318.5	-6.9619626	992.034273601472
"BH-00730"	758	NA	"m"	"SB"	"14.12.2019"	8	2011	3	154.4	1050.5	318.5	-5.2741452	1040.92266763675
"BH-00730"	758	NA	"m"	"SB"	"14.12.2019"	8	2011	4	167	1202.5	318.5	-7.000763	1088.83286137038
"BH-00730"	758	NA	"m"	"SB"	"14.12.2019"	8	2011	4	167	1202.5	318.5	-7.09776399999999	1136.7550307784
"BH-00730"	758	NA	"m"	"SB"	"14.12.2019"	8	2011	4	167	1202.5	318.5	-5.7591502	1185.67786518936
"BH-00730"	758	NA	"m"	"SB"	"14.12.2019"	8	2011	5	138.1	1340.6	318.5	-6.3896567	1233.61947131196
"BH-00730"	758	NA	"m"	"SB"	"14.12.2019"	8	2011	5	138.1	1340.6	318.5	-6.515758	1282.55877058324
"BH-00730"	758	NA	"m"	"SB"	"14.12.2019"	8	2011	5	138.1	1340.6	318.5	-3.9646317	1330.66336839939
"BH-00730"	758	NA	"m"	"SB"	"14.12.2019"	8	2011	6	149.6	1500.2	318.5	-6.7582605	1379.61770066928
"BH-00730"	758	NA	"m"	"SB"	"14.12.2019"	8	2011	6	149.6	1500.2	318.5	-6.0598533	1427.58887639264
"BH-00730"	758	NA	"m"	"SB"	"14.12.2019"	8	2011	6	149.6	1500.2	318.5	-6.6515594	1476.55341928425
"BH-00730"	758	NA	"m"	"SB"	"14.12.2019"	8	2011	7	90	1590.2	318.5	-6.321756	1524.5343551393
"BH-00730"	758	NA	"m"	"SB"	"14.12.2019"	8	2011	7	90	1590.2	318.5	-6.9619626	1573.50722909048
"BH-00385"	765	3265	"f"	"Barthe"	"10.7.2019"	5	2014	1	324.9	324.9	228.6	-9.5324891	0
"BH-00385"	765	3265	"f"	"Barthe"	"10.7.2019"	5	2014	1	324.9	324.9	228.6	-8.8922825	35.1710107901379
"BH-00385"	765	3265	"f"	"Barthe"	"10.7.2019"	5	2014	1	324.9	324.9	228.6	-8.8922825	71.3091859440283
"BH-00385"	765	3265	"f"	"Barthe"	"10.7.2019"	5	2014	1	324.9	324.9	228.6	-9.4936887	106.480045078879
"BH-00385"	765	3265	"f"	"Barthe"	"10.7.2019"	5	2014	1	324.9	324.9	228.6	-8.2811762	141.650979523616
"BH-00385"	765	3265	"f"	"Barthe"	"10.7.2019"	5	2014	1	324.9	324.9	228.6	-7.8252715	176.821944339496
"BH-00385"	765	3265	"f"	"Barthe"	"10.7.2019"	5	2014	1	324.9	324.9	228.6	-7.7476707	211.992924410226
"BH-00385"	765	3265	"f"	"Barthe"	"10.7.2019"	5	2014	1	324.9	324.9	228.6	-7.6991702	248.131013781027
"BH-00385"	765	3265	"f"	"Barthe"	"10.7.2019"	5	2014	1	324.9	324.9	228.6	-7.0298633	283.301959047233
"BH-00385"	765	3265	"f"	"Barthe"	"10.7.2019"	5	2014	1	324.9	324.9	228.6	-5.7494501	318.472918785884
"BH-00385"	765	3265	"f"	"Barthe"	"10.7.2019"	5	2014	2	220.7	575.6	228.6	-7.1656647	354.611054537221
"BH-00385"	765	3265	"f"	"Barthe"	"10.7.2019"	5	2014	2	220.7	575.6	228.6	-9.1638853	389.781990348451
"BH-00385"	765	3265	"f"	"Barthe"	"10.7.2019"	5	2014	2	220.7	575.6	228.6	-8.24237579999999	424.952938570849
"BH-00385"	765	3265	"f"	"Barthe"	"10.7.2019"	5	2014	2	220.7	575.6	228.6	-8.746781	460.123896358361
"BH-00385"	765	3265	"f"	"Barthe"	"10.7.2019"	5	2014	2	220.7	575.6	228.6	-8.1550749	496.262027562053
"BH-00385"	765	3265	"f"	"Barthe"	"10.7.2019"	5	2014	2	220.7	575.6	228.6	-7.34026649999999	531.432968491794
"BH-00385"	765	3265	"f"	"Barthe"	"10.7.2019"	5	2014	2	220.7	575.6	228.6	-5.8270509	566.603918094466
"BH-00385"	765	3265	"f"	"Barthe"	"10.7.2019"	5	2014	3	171.8	747.4	228.6	-7.291766	601.774874849391
"BH-00385"	765	3265	"f"	"Barthe"	"10.7.2019"	5	2014	3	171.8	747.4	228.6	NA	637.913003473044
"BH-00385"	765	3265	"f"	"Barthe"	"10.7.2019"	5	2014	3	171.8	747.4	228.6	-7.8155714	673.083947216096
"BH-00385"	765	3265	"f"	"Barthe"	"10.7.2019"	5	2014	3	171.8	747.4	228.6	-7.8446717	708.00141242797
"BH-00385"	765	3265	"f"	"Barthe"	"10.7.2019"	5	2014	3	171.8	747.4	228.6	-6.0016527	742.91991493027
"BH-00385"	765	3265	"f"	"Barthe"	"10.7.2019"	5	2014	4	163.6	941	228.6	-7.7864711	777.839315025925
"BH-00385"	765	3265	"f"	"Barthe"	"10.7.2019"	5	2014	4	163.6	941	228.6	-8.3005764	812.759497022336
"BH-00385"	765	3265	"f"	"Barthe"	"10.7.2019"	5	2014	4	163.6	941	228.6	-10.0562945	812.759497022336
"BH-00385"	765	3265	"f"	"Barthe"	"10.7.2019"	5	2014	4	163.6	941	228.6	-7.9998733	862.707945946947
"BH-00385"	765	3265	"f"	"Barthe"	"10.7.2019"	5	2014	4	163.6	941	228.6	-7.2141652	913.632858428373
"BH-00385"	765	3265	"f"	"Barthe"	"10.7.2019"	5	2014	5	193.1	1149.1	228.6	-7.5924691	963.352998645875
"BH-00385"	765	3265	"f"	"Barthe"	"10.7.2019"	5	2014	5	193.1	1149.1	228.6	-8.0871742	1013.08291862019
"BH-00385"	765	3265	"f"	"Barthe"	"10.7.2019"	5	2014	5	193.1	1149.1	228.6	-7.2335654	1062.82124555355
"BH-00385"	765	3265	"f"	"Barthe"	"10.7.2019"	5	2014	5	193.1	1149.1	228.6	-6.9522625	1112.56685192396
"BH-00385"	765	3265	"f"	"Barthe"	"10.7.2019"	5	2014	6	36.3	1185.4	228.6	-7.194765	1162.31880308287
