Analysis	time after start single run (h)	east-west (um)	north-south (um)	primary current (nA)	16 O ions per sec	18O/16O measured	1SE (permil)	16O1H/16O measured	DT-FA-x (digits)	DT-FA-y (digits)	entrance slit x (digits)	18O/16O IMF corrected	d18O SMOW	comment
#N-S88@01	3.97	3046	-4630	2.33	2.15E+09	0.00203771	0.18	0.0274	-19	12	28	0.00204727	20.98	
#N-S88@02	4.03	3071	-4655	2.32	2.15E+09	0.00203651	0.15	0.0310	-20	14	28	0.00204607	20.38	
#N-S88@03	4.12	3096	-4680	2.31	2.17E+09	0.00203655	0.16	0.0312	-19	15	24	0.00204610	20.40	
#N-S88@04	4.18	3121	-4705	2.31	2.12E+09	0.00203794	0.17	0.0303	-18	16	24	0.00204751	21.10	
#N-S88@05	4.25	3146	-4730	2.32	2.11E+09	0.00203848	0.18	0.0283	-19	14	29	0.00204805	21.37	
#N-S88@06	4.32	3171	-4755	2.32	1.89E+09	0.00202160	0.29	0.1010	-20	16	29	0.00203108		low count rate, discard
#N-S88@07	4.40	3197	-4780	2.31	2.05E+09	0.00203597	0.19	0.0308	-17	18	28	0.00204553	20.11	
#N-S88@08	4.47	3222	-4805	2.32	2.12E+09	0.00203605	0.16	0.0327	-17	16	24	0.00204560	20.15	
#N-S88@09	4.53	3247	-4830	2.32	2.09E+09	0.00203926	0.16	0.0326	-17	16	26	0.00204883	21.76	
#N-S88@10	4.60	3272	-4855	2.32	2.10E+09	0.00203990	0.21	0.0323	-18	18	27	0.00204947	22.08	
#N-S88@11	4.68	3297	-4880	2.32	2.12E+09	0.00203932	0.16	0.0347	-17	19	23	0.00204889	21.79	
#N-S88@12	4.75	3323	-4905	2.31	2.11E+09	0.00203933	0.16	0.0321	-17	18	23	0.00204891	21.80	
#N-S88@13	4.82	3348	-4930	2.31	2.11E+09	0.00204362	0.18	0.0299	-17	20	25	0.00205322	23.95	
#N-S88@14	4.88	3373	-4955	2.30	2.12E+09	0.00204001	0.16	0.0307	-17	21	25	0.00204958	22.13	
#N-S88@15	4.97	3398	-4980	2.31	2.12E+09	0.00203890	0.17	0.0314	-16	20	23	0.00204847	21.58	
#N-S88@16	6.50	3424	-5005	2.22	2.08E+09	0.00204066	0.20	0.0296	-15	22	28	0.00205024	22.46	
#N-S88@17	6.58	3449	-5030	2.23	2.06E+09	0.00203813	0.24	0.0294	-14	21	31	0.00204770	21.19	
#N-S88@18	6.65	3474	-5055	2.25	2.05E+09	0.00203948	0.22	0.0289	-14	20	29	0.00204905	21.87	
#N-S88@19	6.72	3499	-5080	2.25	2.06E+09	0.00204070	0.14	0.0293	-15	22	27	0.00205028	22.48	
#N-S88@20	6.78	3524	-5105	2.24	2.08E+09	0.00203989	0.17	0.0305	-13	23	26	0.00204947	22.08	
#N-S88@21	7.00	3550	-5130	2.23	2.05E+09	0.00204358	0.16	0.0284	-15	21	27	0.00205317	23.92	
#N-S88@22	7.08	3575	-5155	2.22	2.06E+09	0.00204264	0.22	0.0284	-15	22	27	0.00205223	23.46	
#N-S88@23	7.15	3600	-5180	2.23	2.08E+09	0.00203970	0.16	0.0283	-14	24	25	0.00204927	21.98	
#N-S88@24	7.22	3625	-5205	2.24	2.07E+09	0.00204013	0.18	0.0275	-14	24	26	0.00204971	22.20	
#N-S88@25	7.28	3651	-5230	2.25	2.04E+09	0.00204090	0.20	0.0273	-14	25	28	0.00205048	22.58	
#N-S88@26	7.37	3676	-5255	2.24	2.05E+09	0.00204136	0.21	0.0273	-14	26	27	0.00205094	22.81	
#N-S88@27	7.43	3701	-5280	2.25	2.08E+09	0.00203967	0.18	0.0269	-14	26	27	0.00204924	21.96	
#N-S88@28	7.50	3726	-5305	2.26	2.06E+09	0.00204035	0.18	0.0275	-13	26	25	0.00204993	22.31	
#N-S88@29	7.57	3751	-5330	2.25	2.05E+09	0.00204301	0.20	0.0264	-12	26	27	0.00205260	23.64	
#N-S88@30	7.65	3777	-5355	2.23	2.06E+09	0.00204242	0.18	0.0284	-12	27	28	0.00205201	23.34	
#N-S88@31	7.72	3802	-5380	2.24	2.04E+09	0.00204041	0.18	0.0270	-13	27	27	0.00204999	22.34	
#N-S88@32	7.78	3827	-5405	2.21	2.04E+09	0.00204083	0.23	0.0274	-11	28	25	0.00205041	22.54	
#N-S88@33	7.85	3852	-5430	2.21	2.05E+09	0.00204532	0.17	0.0287	-12	29	28	0.00205492	24.79	
#N-S88@34	7.93	3877	-5454	2.22	2.04E+09	0.00204196	0.18	0.0294	-12	30	31	0.00205155	23.11	
#N-S88@35	8.00	3903	-5478	2.22	2.04E+09	0.00203991	0.19	0.0283	-11	29	25	0.00204948	22.08	
#N-S88@36	8.07	3928	-5502	2.22	2.05E+09	0.00204045	0.20	0.0264	-11	31	28	0.00205003	22.36	
#N-S88@37	8.13	3953	-5526	2.23	2.06E+09	0.00204785	0.17	0.0287	-10	32	27	0.00205746	26.06	
#N-S88@38	8.20	3978	-5550	2.23	2.04E+09	0.00204307	0.17	0.0290	-10	31	28	0.00205266	23.67	
#N-S88@39	8.28	4004	-5574	2.22	2.04E+09	0.00204151	0.23	0.0281	-10	33	28	0.00205109	22.89	
#N-S88@40	8.35	4029	-5598	2.22	2.03E+09	0.00204385	0.16	0.0272	-9	34	26	0.00205344	24.06	
#N-S88@41	8.57	4054	-5622	2.21	2.02E+09	0.00204729	0.15	0.0283	-8	34	27	0.00205690	25.78	
#N-S88@42	8.63	4079	-5646	2.22	2.03E+09	0.00204551	0.14	0.0261	-9	35	27	0.00205511	24.89	
#N-S88@43	8.70	4104	-5670	2.22	2.05E+09	0.00204158	0.19	0.0279	-7	35	27	0.00205116	22.92	
#N-S88@44	8.78	4130	-5694	2.23	2.03E+09	0.00203953	0.20	0.0267	-8	35	25	0.00204910	21.89	
#N-S88@45	8.85	4155	-5718	2.23	2.03E+09	0.00204125	0.19	0.0275	-8	36	27	0.00205083	22.76	
#N-S88@46	8.92	4180	-5742	2.24	2.03E+09	0.00204552	0.18	0.0253	-5	38	25	0.00205512	24.90	
#N-S88@47	8.98	4205	-5766	2.22	2.02E+09	0.00204736	0.14	0.0246	-6	39	25	0.00205697	25.82	
#N-S88@48	9.05	4231	-5790	2.22	2.01E+09	0.00203948	0.18	0.0244	-6	37	26	0.00204905	21.87	
#N-S88@49	9.13	4256	-5814	2.21	2.03E+09	0.00203978	0.14	0.0238	-6	39	27	0.00204935	22.02	
#N-S88@50	9.20	4281	-5838	2.21	2.01E+09	0.00204008	0.16	0.0248	-6	41	29	0.00204966	22.17	
#O-S88@01	25.12	3324	-1709	2.35	2.19E+09	0.00204033	0.21	0.0290	-3	-2	31	0.00204991	22.30	
#O-S88@02	25.18	3346	-1682	2.37	2.17E+09	0.00203779	0.21	0.0293	-3	-3	32	0.00204735	21.02	
#O-S88@03	25.25	3368	-1655	2.37	2.19E+09	0.00203818	0.16	0.0297	-2	-2	32	0.00204775	21.22	
#O-S88@04	25.32	3391	-1628	2.37	2.19E+09	0.00203827	0.18	0.0299	-2	-3	30	0.00204783	21.26	
#O-S88@05	25.38	3414	-1601	2.37	2.20E+09	0.00203807	0.17	0.0296	-2	-4	28	0.00204764	21.16	
#O-S88@06	25.45	3436	-1574	2.38	2.20E+09	0.00203913	0.19	0.0291	-2	-3	32	0.00204870	21.69	
#O-S88@07	25.52	3459	-1547	2.39	2.19E+09	0.00203964	0.14	0.0287	-1	-5	31	0.00204922	21.95	
#O-S88@08	25.60	3482	-1520	2.38	2.18E+09	0.00203791	0.14	0.0291	-1	-5	30	0.00204747	21.08	
#O-S88@09	25.67	3504	-1493	2.37	2.16E+09	0.00203953	0.19	0.0291	0	-4	30	0.00204910	21.89	
#O-S88@10	25.73	3527	-1466	2.38	1.98E+09	0.00203784	0.21	0.0292	-1	-5	31	0.00204740	21.05	
#O-S88@11	25.80	3550	-1439	2.38	2.17E+09	0.00203803	0.18	0.0295	1	-6	30	0.00204760	21.14	
#O-S88@12	25.87	3573	-1412	2.38	2.21E+09	0.00204088	0.16	0.0287	2	-4	28	0.00205046	22.57	
#O-S88@13	25.93	3595	-1385	2.38	2.14E+09	0.00203935	0.19	0.0290	1	-5	29	0.00204893	21.81	
#O-S88@14	26.15	3618	-1358	2.37	2.13E+09	0.00203874	0.21	0.0298	1	-6	31	0.00204831	21.50	
#O-S88@15	26.22	3641	-1331	2.38	2.18E+09	0.00203859	0.18	0.0305	2	-5	30	0.00204815	21.42	
#O-S88@16	26.28	3663	-1304	2.38	2.18E+09	0.00203919	0.18	0.0298	2	-6	29	0.00204876	21.72	
#O-S88@17	26.35	3686	-1277	2.39	2.20E+09	0.00203963	0.17	0.0305	2	-7	29	0.00204920	21.94	
#O-S88@18	26.42	3709	-1250	2.39	2.16E+09	0.00204069	0.16	0.0299	3	-5	30	0.00205026	22.47	
#O-S88@19	26.48	3732	-1223	2.38	2.18E+09	0.00204266	0.20	0.0304	3	-5	31	0.00205224	23.46	
#O-S88@20	26.55	3754	-1196	2.38	2.17E+09	0.00204356	0.18	0.0299	3	-7	30	0.00205315	23.91	
#O-S88@21	26.62	3777	-1169	2.38	2.19E+09	0.00204321	0.23	0.0289	3	-5	29	0.00205280	23.74	
#O-S88@22	26.68	3800	-1142	2.38	2.20E+09	0.00203933	0.16	0.0298	4	-5	30	0.00204890	21.79	
#O-S88@23	26.75	3822	-1115	2.39	2.18E+09	0.00204193	0.19	0.0297	4	-7	31	0.00205151	23.10	
#O-S88@24	26.82	3845	-1088	2.39	2.19E+09	0.00204544	0.19	0.0256	4	-6	29	0.00205504	24.85	
#O-S88@25	26.88	3868	-1061	2.39	2.20E+09	0.00204155	0.17	0.0272	5	-5	29	0.00205113	22.91	
#O-S88@26	26.95	3891	-1034	2.40	2.18E+09	0.00204109	0.17	0.0274	4	-7	30	0.00205067	22.68	
#O-S88@27	27.03	3913	-1007	2.39	2.19E+09	0.00204166	0.18	0.0281	6	-6	30	0.00205124	22.96	
#O-S88@28	27.10	3936	-980	2.39	2.20E+09	0.00203956	0.16	0.0275	6	-7	28	0.00204913	21.91	
#O-S88@29	27.17	3959	-952	2.38	2.18E+09	0.00204338	0.20	0.0286	5	-7	29	0.00205298	23.83	
#O-S88@30	27.23	3981	-924	2.39	2.18E+09	0.00204252	0.19	0.0282	6	-6	27	0.00205210	23.39	
#O-S88@31	27.30	4004	-896	2.38	2.19E+09	0.00204341	0.21	0.0299	7	-6	28	0.00205301	23.84	
#O-S88@32	27.37	4027	-868	2.39	2.19E+09	0.00204235	0.20	0.0298	6	-8	28	0.00205194	23.31	
#O-S88@33	27.43	4050	-840	2.39	2.21E+09	0.00204261	0.18	0.0293	7	-8	27	0.00205220	23.44	
#O-S88@34	27.63	4072	-812	2.39	2.19E+09	0.00204571	0.20	0.0248	8	-6	28	0.00205532	24.99	
#O-S88@35	27.72	4095	-784	2.39	2.19E+09	0.00204013	0.20	0.0287	8	-8	28	0.00204971	22.20	
#O-S88@36	27.78	4118	-756	2.38	2.18E+09	0.00203927	0.17	0.0288	8	-8	28	0.00204884	21.76	
#O-S88@37	27.85	4140	-728	2.39	2.19E+09	0.00204110	0.19	0.0250	8	-7	27	0.00205068	22.68	
#O-S88@38	27.92	4163	-700	2.39	2.17E+09	0.00204288	0.16	0.0245	9	-8	28	0.00205247	23.57	
#O-S88@39	27.98	4186	-672	2.40	2.18E+09	0.00204325	0.16	0.0229	9	-8	27	0.00205284	23.76	
#O-S88@40	28.05	4209	-644	2.40	2.19E+09	0.00204335	0.19	0.0239	10	-7	28	0.00205294	23.81	
#O-S88@41	28.12	4231	-616	2.40	2.20E+09	0.00204454	0.19	0.0239	8	-9	27	0.00205413	24.40	
#O-S88@42	28.18	4254	-588	2.40	2.19E+09	0.00204671	0.15	0.0263	10	-9	28	0.00205632	25.49	
#O-S88@43	28.25	4277	-560	2.40	2.20E+09	0.00204654	0.19	0.0258	11	-8	28	0.00205614	25.41	
#O-S88@44	28.32	4299	-532	2.40	2.18E+09	0.00204433	0.16	0.0243	10	-9	28	0.00205393	24.30	
#O-S88@45	28.38	4322	-504	2.40	2.18E+09	0.00204213	0.18	0.0244	11	-9	27	0.00205172	23.20	
#O-S88@46	28.45	4345	-476	2.40	2.18E+09	0.00204086	0.20	0.0236	11	-8	28	0.00205043	22.56	
#O-S88@47	28.52	4368	-448	2.39	2.17E+09	0.00204020	0.17	0.0234	12	-8	28	0.00204977	22.23	
#O-S88@48	28.58	4390	-420	2.39	2.18E+09	0.00204173	0.20	0.0244	12	-9	29	0.00205131	23.00	
#O-S88@49	28.65	4413	-392	2.39	2.18E+09	0.00204232	0.20	0.0254	12	-8	28	0.00205191	23.29	
#O-S88@50	28.72	4436	-364	2.40	2.18E+09	0.00204545	0.21	0.0254	13	-8	27	0.00205505	24.86	
#O-S88@51	28.80	4458	-336	2.40	2.18E+09	0.00204017	0.19	0.0254	13	-10	27	0.00204975	22.22	
#O-S88@52	28.87	4481	-308	2.40	2.18E+09	0.00204151	0.18	0.0236	13	-9	26	0.00205109	22.89	
#O-S88@53	28.93	4504	-280	2.39	2.17E+09	0.00204876	0.16	0.0242	14	-9	27	0.00205838	26.52	
#O-S88@54	29.13	4527	-252	2.39	2.17E+09	0.00204193	0.19	0.0265	15	-10	28	0.00205151	23.10	
#O-S88@55	29.20	4549	-224	2.39	2.17E+09	0.00204200	0.19	0.0254	15	-9	27	0.00205159	23.13	
#O-S88@56	29.27	4572	-196	2.40	2.17E+09	0.00204574	0.18	0.0269	15	-9	28	0.00205534	25.01	
#O-S88@57	29.33	4595	-168	2.39	2.19E+09	0.00204577	0.22	0.0264	16	-11	26	0.00205537	25.02	
#O-S88@58	29.40	4617	-140	2.39	2.17E+09	0.00204639	0.18	0.0244	16	-9	26	0.00205599	25.33	
#O-S88@59	29.47	4640	-112	2.38	2.16E+09	0.00203991	0.19	0.0257	16	-10	27	0.00204949	22.09	
#O-S88@60	29.54	4663	-84	2.38	2.17E+09	0.00204765	0.20	0.0262	16	-11	26	0.00205726	25.96	
#O-S88@61	29.60	4686	-56	2.38	2.16E+09	0.00204505	0.22	0.0255	15	-11	27	0.00205465	24.66	
#O-S88@62	29.67	4708	-28	2.36	2.16E+09	0.00203958	0.20	0.0276	16	-10	26	0.00204915	21.92	
#O-S88@63	29.75	4732	0	2.36	2.07E+09	0.00203988	0.21	0.0269	16	-10	29	0.00204946	22.07	
#P-S88@01	9.27	5710	-1530	2.25	2.07E+09	0.00203870	0.17	0.0308	10	3	28	0.00204827	21.48	
#P-S88@02	9.33	5740	-1512	2.26	2.12E+09	0.00203819	0.14	0.0275	11	3	24	0.00204776	21.22	
#P-S88@03	9.42	5770	-1494	2.26	2.08E+09	0.00203929	0.15	0.0278	12	3	30	0.00204887	21.78	
#P-S88@04	9.48	5800	-1476	2.26	2.09E+09	0.00203937	0.18	0.0290	12	3	27	0.00204894	21.82	
#P-S88@05	9.55	5831	-1458	2.27	2.07E+09	0.00203995	0.17	0.0296	13	2	29	0.00204953	22.11	
#P-S88@06	9.62	5861	-1440	2.25	1.19E+09	0.00202545	0.36	0.0390	13	3	35	0.00203496		outlier, crack?
#P-S88@07	9.68	5891	-1422	2.26	7.25E+08	0.00201695	0.36	0.0428	20	1	19	0.00202642		outlier, crack?
#P-S88@08	9.75	5922	-1404	2.26	1.97E+09	0.00203949	0.21	0.0344	14	1	27	0.00204906	21.88	
#P-S88@09	9.83	5952	-1386	2.27	1.94E+09	0.00203641	0.20	0.0377	15	2	26	0.00204597	20.33	
#P-S88@10	9.90	5982	-1368	2.26	2.04E+09	0.00203919	0.20	0.0352	15	1	25	0.00204876	21.72	
#P-S88@11	10.12	6013	-1350	2.25	2.02E+09	0.00203770	0.17	0.0344	16	1	28	0.00204726	20.98	
#P-S88@12	10.18	6043	-1332	2.26	2.06E+09	0.00203709	0.15	0.0342	16	1	25	0.00204665	20.67	
#P-S88@13	10.25	6073	-1314	2.26	2.08E+09	0.00203914	0.16	0.0303	17	1	26	0.00204872	21.70	
#P-S88@14	10.32	6104	-1296	2.27	2.12E+09	0.00203840	0.17	0.0323	17	2	25	0.00204797	21.33	
#P-S88@15	10.38	6134	-1278	2.37	2.17E+09	0.00204161	0.15	0.0305	18	0	26	0.00205119	22.93	
#P-S88@16	10.45	6164	-1260	2.42	2.23E+09	0.00204200	0.13	0.0295	19	1	22	0.00205159	23.13	
#P-S88@17	10.53	6195	-1242	2.44	2.23E+09	0.00204042	0.19	0.0297	18	-1	25	0.00205000	22.34	
#P-S88@18	10.60	6225	-1224	2.43	2.23E+09	0.00203838	0.17	0.0308	19	0	24	0.00204795	21.32	
#P-S88@19	10.67	6256	-1206	2.44	2.22E+09	0.00203807	0.21	0.0291	20	2	27	0.00204763	21.16	
#P-S88@20	10.73	6286	-1188	2.45	2.22E+09	0.00203826	0.15	0.0271	20	-1	25	0.00204782	21.26	
#P-S88@21	10.80	6316	-1169	2.45	2.24E+09	0.00203827	0.14	0.0271	21	0	24	0.00204784	21.26	
#P-S88@22	10.88	6347	-1150	2.46	2.23E+09	0.00204154	0.15	0.0300	21	0	25	0.00205112	22.90	
#P-S88@23	10.95	6377	-1131	2.45	2.23E+09	0.00204200	0.16	0.0322	22	0	27	0.00205158	23.13	
#P-S88@24	11.02	6407	-1112	2.45	2.25E+09	0.00204177	0.21	0.0301	21	-2	23	0.00205136	23.02	
#P-S88@25	11.08	6438	-1093	2.47	2.26E+09	0.00204166	0.16	0.0287	22	-1	24	0.00205125	22.96	
#P-S88@26	11.15	6468	-1074	2.48	2.24E+09	0.00203985	0.18	0.0313	22	1	26	0.00204942	22.06	
#P-S88@27	11.22	6498	-1055	2.48	2.24E+09	0.00203911	0.19	0.0297	23	-2	24	0.00204868	21.68	
#P-S88@28	11.30	6529	-1036	2.48	2.24E+09	0.00203993	0.19	0.0278	24	0	22	0.00204951	22.10	
#P-S88@29	11.37	6559	-1017	2.48	2.24E+09	0.00204083	0.18	0.0260	24	-2	22	0.00205041	22.55	
#P-S88@30	11.43	6589	-998	2.49	2.24E+09	0.00204334	0.20	0.0281	25	0	26	0.00205293	23.80	
#P-S88@31	11.65	6620	-979	2.47	2.23E+09	0.00204250	0.20	0.0300	26	0	25	0.00205208	23.38	
#P-S88@32	11.72	6650	-960	2.48	2.24E+09	0.00204166	0.19	0.0294	26	-2	22	0.00205125	22.96	
#P-S88@33	11.78	6680	-941	2.48	2.24E+09	0.00204094	0.17	0.0298	26	0	23	0.00205052	22.60	
#P-S88@34	11.85	6711	-922	2.49	2.25E+09	0.00203854	0.18	0.0286	26	-2	25	0.00204811	21.40	
#P-S88@35	11.92	6741	-903	2.49	2.23E+09	0.00204216	0.18	0.0266	27	-1	25	0.00205175	23.21	
#P-S88@36	11.98	6772	-884	2.48	2.24E+09	0.00204279	0.20	0.0262	28	-1	22	0.00205238	23.53	
#P-S88@37	12.05	6802	-865	2.49	2.25E+09	0.00203949	0.20	0.0278	28	-2	23	0.00204906	21.87	
#P-S88@38	12.12	6832	-846	2.49	2.22E+09	0.00204032	0.20	0.0277	29	-1	26	0.00204990	22.29	
#P-S88@39	12.20	6863	-827	2.50	2.22E+09	0.00204118	0.22	0.0279	29	-3	25	0.00205077	22.72	
#P-S88@40	12.27	6893	-808	2.50	2.24E+09	0.00204250	0.17	0.0258	31	1	21	0.00205208	23.38	
#P-S88@41	12.33	6923	-789	2.50	2.27E+09	0.00204359	0.15	0.0261	30	-3	21	0.00205318	23.93	
#P-S88@42	12.40	6954	-770	2.50	2.24E+09	0.00204417	0.19	0.0287	32	-3	25	0.00205377	24.22	
#P-S88@43	12.47	6984	-751	2.50	2.23E+09	0.00204118	0.18	0.0260	32	-2	24	0.00205077	22.72	
#P-S88@44	12.53	7014	-732	2.50	2.22E+09	0.00204010	0.17	0.0289	32	-2	21	0.00204968	22.18	
#P-S88@45	24.08	7045	-713	2.29	2.24E+09	0.00204128	0.11	0.0262	35	-1	27	0.00205086	22.77	
#P-S88@46	24.15	7075	-694	2.34	2.12E+09	0.00204331	0.20	0.0241	34	-5	29	0.00205290	23.79	
#P-S88@47	24.22	7105	-675	2.33	2.12E+09	0.00204475	0.17	0.0233	36	-4	28	0.00205435	24.51	
#P-S88@48	24.28	7136	-656	2.33	2.14E+09	0.00204401	0.16	0.0233	36	-4	25	0.00205360	24.14	
#P-S88@49	24.35	7166	-637	2.34	2.13E+09	0.00204129	0.19	0.0248	36	-6	25	0.00205087	22.78	
#P-S88@50	24.42	7197	-618	2.34	2.12E+09	0.00204447	0.17	0.0225	37	-5	27	0.00205406	24.37	
#P-S88@51	24.63	7227	-599	2.35	2.14E+09	0.00205050	0.21	0.0253	36	-6	27	0.00206012	27.39	
#P-S88@52	24.70	7257	-580	2.35	2.15E+09	0.00204291	0.20	0.0253	37	-5	25	0.00205249	23.59	
#P-S88@53	24.77	7288	-561	2.35	2.12E+09	0.00204480	0.19	0.0258	38	-4	24	0.00205440	24.54	
#P-S88@54	24.83	7318	-542	2.36	2.14E+09	0.00204719	0.15	0.0259	38	-7	25	0.00205680	25.73	
#P-S88@55	24.90	7348	-523	2.36	2.14E+09	0.00204255	0.17	0.0258	39	-5	25	0.00205214	23.41	
#P-S88@56	24.97	7379	-504	2.35	2.15E+09	0.00204192	0.17	0.0273	38	-7	22	0.00205150	23.09	
#P-S88@57	25.05	7409	-485	2.34	2.15E+09	0.00204078	0.19	0.0275	39	-7	24	0.00205036	22.52	
#Q-S88@01	32.92	5125	1601	2.35	2.12E+09	0.00203635	0.17	0.0313	27	-10	29	0.00204590	20.30	
#Q-S88@02	32.99	5096	1621	2.35	2.14E+09	0.00203606	0.14	0.0320	26	-10	29	0.00204562	20.16	
#Q-S88@03	33.05	5067	1641	2.35	2.15E+09	0.00203622	0.13	0.0319	26	-11	30	0.00204578	20.24	
#Q-S88@04	33.12	5039	1662	2.35	2.16E+09	0.00203669	0.18	0.0311	26	-11	29	0.00204625	20.47	
#Q-S88@05	33.19	5011	1683	2.36	2.12E+09	0.00203704	0.17	0.0298	26	-11	27	0.00204660	20.65	
#Q-S88@06	33.25	4983	1703	2.36	2.17E+09	0.00203736	0.19	0.0295	26	-11	27	0.00204693	20.81	
#Q-S88@07	33.32	4955	1724	2.36	2.16E+09	0.00203757	0.17	0.0301	25	-11	29	0.00204713	20.91	
#Q-S88@08	33.39	4926	1745	2.36	2.17E+09	0.00203722	0.20	0.0304	26	-12	29	0.00204678	20.74	
#Q-S88@09	33.60	4898	1765	2.38	2.17E+09	0.00203695	0.18	0.0299	26	-12	29	0.00204651	20.60	
#Q-S88@10	33.67	4870	1786	2.38	2.13E+09	0.00203642	0.16	0.0308	25	-11	30	0.00204598	20.34	
#Q-S88@11	33.74	4842	1807	2.38	2.17E+09	0.00203756	0.17	0.0283	25	-11	28	0.00204712	20.91	
#Q-S88@12	33.80	4814	1827	2.37	2.12E+09	0.00203649	0.17	0.0346	25	-12	27	0.00204605	20.37	
#Q-S88@13	33.87	4786	1848	2.37	2.16E+09	0.00203788	0.16	0.0312	25	-12	28	0.00204744	21.07	
#Q-S88@14	33.94	4757	1869	2.36	2.11E+09	0.00203522	0.17	0.0330	26	-10	29	0.00204477	19.73	
#Q-S88@15	34.00	4729	1890	2.36	2.10E+09	0.00203429	0.15	0.0337	26	-10	30	0.00204383	19.27	
#Q-S88@16	34.07	4701	1910	2.36	2.11E+09	0.00203503	0.17	0.0335	25	-10	30	0.00204458	19.64	
#Q-S88@17	34.14	4673	1931	2.35	2.12E+09	0.00203786	0.20	0.0314	25	-10	29	0.00204742	21.06	
#Q-S88@18	34.20	4645	1952	2.35	2.16E+09	0.00203868	0.18	0.0299	25	-10	28	0.00204825	21.47	
#Q-S88@19	34.27	4616	1972	2.35	2.14E+09	0.00203902	0.20	0.0309	25	-10	28	0.00204859	21.64	
#Q-S88@20	34.34	4588	1993	2.35	2.14E+09	0.00204126	0.17	0.0271	25	-10	30	0.00205085	22.76	
#Q-S88@21	34.40	4560	2014	2.35	2.12E+09	0.00204401	0.16	0.0275	25	-10	30	0.00205361	24.14	
#Q-S88@22	34.47	4532	2035	2.35	2.13E+09	0.00204274	0.18	0.0280	25	-10	27	0.00205233	23.50	
#Q-S88@23	34.54	4504	2055	2.35	2.13E+09	0.00204148	0.19	0.0283	25	-10	29	0.00205106	22.87	
#Q-S88@24	34.60	4476	2076	2.35	2.15E+09	0.00204052	0.20	0.0269	25	-10	28	0.00205010	22.39	
#Q-S88@25	34.67	4447	2097	2.36	2.13E+09	0.00203955	0.19	0.0269	25	-12	31	0.00204912	21.90	
#Q-S88@26	34.74	4419	2117	2.36	2.14E+09	0.00203981	0.20	0.0271	25	-12	31	0.00204938	22.03	
#Q-S88@27	34.80	4391	2138	2.34	2.13E+09	0.00203961	0.18	0.0262	25	-12	31	0.00204919	21.94	
#Q-S88@28	34.87	4363	2159	2.35	2.13E+09	0.00203956	0.17	0.0259	25	-12	29	0.00204913	21.91	
#Q-S88@29	35.07	4335	2179	2.33	2.13E+09	0.00204035	0.20	0.0263	25	-12	29	0.00204992	22.30	
#Q-S88@30	35.14	4306	2200	2.33	2.14E+09	0.00204183	0.15	0.0265	25	-12	29	0.00205141	23.05	
#Q-S88@31	35.20	4278	2221	2.34	2.11E+09	0.00204522	0.17	0.0259	25	-12	32	0.00205482	24.74	
#Q-S88@32	35.29	4250	2242	2.33	2.11E+09	0.00204047	0.16	0.0253	25	-13	32	0.00205004	22.36	
#Q-S88@33	35.35	4222	2262	2.33	2.11E+09	0.00204004	0.19	0.0242	24	-13	32	0.00204961	22.15	
#Q-S88@34	35.42	4194	2283	2.33	2.14E+09	0.00203815	0.19	0.0256	25	-13	29	0.00204772	21.20	
#Q-S88@35	35.49	4166	2304	2.33	2.13E+09	0.00204000	0.21	0.0251	24	-12	29	0.00204957	22.13	
#Q-S88@36	35.55	4137	2324	2.33	2.13E+09	0.00204294	0.14	0.0248	25	-11	29	0.00205253	23.60	
#Q-S88@37	35.62	4109	2345	2.33	2.11E+09	0.00204418	0.18	0.0256	25	-11	32	0.00205377	24.22	
#Q-S88@38	35.69	4081	2366	2.33	2.12E+09	0.00204530	0.18	0.0254	25	-11	31	0.00205490	24.78	
#Q-S88@39	35.75	4053	2387	2.33	2.13E+09	0.00204389	0.22	0.0260	25	-11	29	0.00205348	24.08	
#Q-S88@40	35.82	4025	2407	2.33	2.12E+09	0.00203951	0.18	0.0243	25	-11	30	0.00204908	21.88	
#Q-S88@41	35.89	3997	2428	2.33	2.13E+09	0.00203948	0.19	0.0237	25	-12	30	0.00204905	21.87	
#Q-S88@42	35.95	3968	2449	2.34	2.14E+09	0.00203948	0.14	0.0241	24	-11	32	0.00204906	21.87	
#Q-S88@43	36.02	3941	2469	2.33	2.14E+09	0.00203899	0.19	0.0249	25	-11	32	0.00204856	21.62	
#Q-S88@44	36.09	3912	2491	2.33	2.15E+09	0.00204367	0.18	0.0253	24	-11	30	0.00205326	23.97	
#R-S88@01	36.15	4977	3410	2.32	2.14E+09	0.00203823	0.16	0.0299	45	-20	25	0.00204779	21.24	
#R-S88@02	36.22	5011	3415	2.34	2.11E+09	0.00203841	0.21	0.0302	45	-22	23	0.00204798	21.33	
#R-S88@03	36.29	5045	3421	2.34	2.12E+09	0.00203901	0.18	0.0299	46	-21	26	0.00204858	21.63	
#R-S88@04	36.35	5079	3427	2.35	2.09E+09	0.00203872	0.19	0.0327	47	-23	23	0.00204829	21.49	
#R-S88@05	36.55	5114	3433	2.34	2.09E+09	0.00203915	0.15	0.0316	48	-24	24	0.00204872	21.71	
#R-S88@06	36.62	5148	3439	2.34	1.95E+09	0.00203290	0.16	0.0362	49	-23	20	0.00204245		Crack
#R-S88@07	36.69	5182	3445	2.34	2.09E+09	0.00203888	0.20	0.0320	49	-24	25	0.00204845	21.57	
#R-S88@08	36.75	5217	3451	2.34	2.10E+09	0.00203748	0.15	0.0313	50	-23	21	0.00204704	20.87	
#R-S88@09	36.82	5251	3457	2.35	2.12E+09	0.00203780	0.19	0.0324	50	-25	23	0.00204736	21.03	
#R-S88@10	36.89	5286	3463	2.35	2.11E+09	0.00203893	0.19	0.0320	50	-25	22	0.00204850	21.59	
#R-S88@11	36.95	5320	3469	2.35	1.84E+09	0.00203319	0.21	0.0375	51	-24	21	0.00204274		Crack
#R-S88@12	37.04	5354	3475	2.34	2.07E+09	0.00203813	0.17	0.0350	51	-26	22	0.00204769	21.19	
#R-S88@13	37.10	5389	3481	2.34	1.97E+09	0.00203503	0.19	0.0354	52	-25	24	0.00204458	19.64	
#R-S88@14	37.17	5423	3487	2.35	2.12E+09	0.00203537	0.20	0.0371	52	-27	21	0.00204492	19.81	
#R-S88@15	37.24	5458	3493	2.35	2.10E+09	0.00203751	0.18	0.0363	53	-27	24	0.00204707	20.88	
#R-S88@16	37.30	5492	3499	2.35	2.09E+09	0.00203750	0.20	0.0336	54	-26	21	0.00204706	20.88	
#R-S88@17	37.37	5526	3505	2.35	2.10E+09	0.00203758	0.17	0.0318	54	-28	24	0.00204715	20.92	
#R-S88@18	37.44	5561	3511	2.34	2.11E+09	0.00203899	0.16	0.0322	55	-27	20	0.00204856	21.63	
#R-S88@19	37.50	5595	3517	2.35	2.12E+09	0.00203980	0.15	0.0323	55	-29	23	0.00204938	22.03	
#R-S88@20	37.57	5629	3523	2.34	2.12E+09	0.00204178	0.15	0.0324	56	-28	20	0.00205136	23.02	
#R-S88@21	37.64	5664	3529	2.34	2.13E+09	0.00204130	0.19	0.0319	56	-28	22	0.00205088	22.78	
#R-S88@22	37.70	5698	3535	2.34	2.12E+09	0.00204497	0.15	0.0318	57	-30	20	0.00205457	24.62	
#R-S88@23	37.77	5733	3541	2.35	2.12E+09	0.00204654	0.18	0.0327	58	-29	21	0.00205614	25.41	
#R-S88@24	37.84	5767	3547	2.35	2.12E+09	0.00204191	0.20	0.0319	58	-31	20	0.00205150	23.09	
#R-S88@25	38.04	5801	3553	2.35	2.13E+09	0.00204124	0.18	0.0325	59	-31	21	0.00205082	22.75	
#R-S88@26	38.10	5836	3559	2.35	2.13E+09	0.00204039	0.19	0.0305	59	-31	19	0.00204997	22.33	
#R-S88@27	38.17	5870	3565	2.36	2.13E+09	0.00203832	0.16	0.0304	59	-33	22	0.00204789	21.29	
#R-S88@28	38.24	5905	3571	2.35	2.13E+09	0.00204013	0.21	0.0312	61	-32	19	0.00204971	22.20	
#R-S88@29	38.30	5939	3577	2.36	2.11E+09	0.00204172	0.20	0.0311	61	-34	21	0.00205130	22.99	
#R-S88@30	38.37	5973	3583	2.35	2.13E+09	0.00204018	0.19	0.0320	62	-32	19	0.00204976	22.22	
#R-S88@31	38.44	6008	3589	2.36	2.12E+09	0.00204314	0.17	0.0287	63	-33	21	0.00205273	23.70	
#R-S88@32	38.50	6042	3595	2.35	2.11E+09	0.00204333	0.15	0.0288	63	-35	19	0.00205292	23.80	
#R-S88@33	38.57	6077	3601	2.36	2.14E+09	0.00204435	0.17	0.0298	64	-35	20	0.00205395	24.31	
#R-S88@34	38.65	6111	3607	2.36	2.14E+09	0.00204360	0.18	0.0309	64	-36	18	0.00205319	23.94	
#R-S88@35	38.72	6145	3613	2.35	2.10E+09	0.00204103	0.19	0.0279	65	-35	21	0.00205061	22.64	
#R-S88@36	38.79	6180	3619	2.35	2.11E+09	0.00204001	0.20	0.0278	66	-36	17	0.00204958	22.13	
#R-S88@37	38.85	6214	3625	2.36	2.10E+09	0.00203883	0.20	0.0255	66	-38	21	0.00204840	21.54	
#R-S88@38	38.92	6248	3631	2.35	2.10E+09	0.00204018	0.16	0.0258	67	-37	18	0.00204975	22.22	
#R-S88@39	38.99	6283	3637	2.35	2.11E+09	0.00204325	0.20	0.0250	67	-39	19	0.00205284	23.76	
#R-S88@40	39.05	6317	3643	2.34	2.11E+09	0.00204320	0.15	0.0262	68	-38	19	0.00205279	23.73	
#R-S88@41	39.12	6352	3649	2.33	2.10E+09	0.00204618	0.18	0.0264	69	-38	20	0.00205579	25.23	
#R-S88@42	39.19	6386	3655	2.34	2.11E+09	0.00203939	0.17	0.0278	69	-41	17	0.00204897	21.83	
#R-S88@43	39.25	6420	3661	2.35	2.11E+09	0.00203907	0.16	0.0263	70	-40	19	0.00204864	21.66	
#R-S88@44	39.32	6455	3667	2.34	2.11E+09	0.00203665	0.21	0.0250	70	-41	17	0.00204621	20.45	
#R-S88@45	39.52	6489	3673	2.34	2.14E+09	0.00204040	0.19	0.0274	71	-41	19	0.00204998	22.33	
#R-S88@46	39.59	6524	3679	2.35	2.13E+09	0.00204131	0.18	0.0264	72	-41	17	0.00205089	22.79	
#R-S88@47	39.65	6558	3685	2.35	2.10E+09	0.00204444	0.19	0.0257	72	-43	21	0.00205403	24.35	
#S-S88@01	39.72	4090	5485	2.35	2.14E+09	0.00204143	0.15	0.0323	64	-38	24	0.00205102	22.85	
#S-S88@02	39.79	4123	5472	2.33	2.14E+09	0.00204285	0.19	0.0306	64	-38	21	0.00205244	23.56	
#S-S88@03	39.85	4157	5459	2.33	2.11E+09	0.00204223	0.18	0.0303	65	-37	21	0.00205181	23.25	
#S-S88@04	39.92	4191	5447	2.34	2.12E+09	0.00203901	0.18	0.0330	65	-38	22	0.00204858	21.63	
#S-S88@05	39.99	4225	5435	2.33	2.08E+09	0.00203700	0.16	0.0349	66	-37	22	0.00204656	20.63	
#S-S88@06	40.05	4259	5423	2.33	2.10E+09	0.00203712	0.16	0.0348	66	-38	21	0.00204669	20.69	
#S-S88@07	40.14	4293	5411	2.33	2.13E+09	0.00203846	0.18	0.0339	67	-37	21	0.00204803	21.36	
#S-S88@08	40.20	4327	5398	2.34	2.13E+09	0.00203703	0.16	0.0322	66	-39	22	0.00204659	20.64	
#S-S88@09	40.27	4361	5386	2.34	2.12E+09	0.00203580	0.15	0.0362	68	-38	21	0.00204536	20.03	
#S-S88@10	40.34	4395	5374	2.34	2.13E+09	0.00203886	0.18	0.0329	67	-40	22	0.00204843	21.56	
#S-S88@11	40.40	4429	5362	2.33	2.13E+09	0.00203794	0.20	0.0327	68	-38	21	0.00204751	21.10	
#S-S88@12	40.47	4463	5350	2.34	2.11E+09	0.00204080	0.16	0.0305	68	-40	22	0.00205038	22.53	
#S-S88@13	40.54	4497	5337	2.34	2.03E+09	0.00203812	0.16	0.0357	69	-39	20	0.00204768	21.19	
#S-S88@14	40.60	4531	5325	2.34	2.12E+09	0.00204036	0.20	0.0330	69	-40	20	0.00204994	22.31	
#S-S88@15	40.67	4565	5313	2.33	2.09E+09	0.00204042	0.17	0.0341	69	-39	20	0.00205000	22.34	
#S-S88@16	39.74	4599	5301	2.34	2.07E+09	0.00204180	0.19	0.0328	69	-40	22	0.00205138	23.03	
#S-S88@17	39.80	4633	5289	2.33	2.05E+09	0.00203838	0.21	0.0352	70	-39	21	0.00204795	21.32	
#S-S88@18	40.00	4667	5276	2.33	2.06E+09	0.00204124	0.16	0.0313	70	-40	18	0.00205082	22.75	
#S-S88@19	40.07	4701	5264	2.32	2.08E+09	0.00204282	0.18	0.0333	70	-39	19	0.00205241	23.54	
#S-S88@20	40.14	4735	5252	2.33	2.10E+09	0.00204472	0.17	0.0324	70	-41	19	0.00205431	24.49	
#S-S88@21	40.20	4769	5240	2.32	2.10E+09	0.00204479	0.14	0.0329	71	-39	19	0.00205438	24.53	
#S-S88@22	40.27	4803	5228	2.33	2.10E+09	0.00204699	0.18	0.0325	71	-41	19	0.00205659	25.63	
#S-S88@23	40.34	4837	5216	2.33	2.10E+09	0.00204661	0.18	0.0323	72	-40	18	0.00205622	25.44	
#S-S88@24	40.40	4871	5203	2.32	2.08E+09	0.00204782	0.20	0.0318	71	-41	20	0.00205743	26.05	
#S-S88@25	40.47	4905	5191	2.31	2.06E+09	0.00204157	0.17	0.0331	72	-40	18	0.00205115	22.92	
#S-S88@26	40.54	4939	5179	2.31	2.08E+09	0.00204335	0.20	0.0320	72	-42	19	0.00205294	23.81	
#S-S88@27	40.60	4973	5167	2.30	2.07E+09	0.00204303	0.15	0.0306	73	-41	18	0.00205262	23.65	
#S-S88@28	40.67	5007	5155	2.32	2.08E+09	0.00204369	0.14	0.0307	73	-43	18	0.00205328	23.98	
#S-S88@29	40.74	5041	5142	2.32	2.08E+09	0.00204793	0.16	0.0312	73	-42	19	0.00205754	26.10	
#S-S88@30	40.80	5075	5130	2.31	2.06E+09	0.00204837	0.18	0.0275	74	-44	20	0.00205799	26.33	
#S-S88@31	40.89	5109	5118	2.30	2.06E+09	0.00204765	0.18	0.0277	74	-42	20	0.00205726	25.96	
#S-S88@32	40.95	5143	5106	2.30	2.06E+09	0.00204557	0.14	0.0278	74	-44	20	0.00205517	24.92	
#S-S88@33	41.02	5177	5094	2.32	2.06E+09	0.00204455	0.20	0.0290	75	-42	20	0.00205415	24.41	
#S-S88@34	41.09	5211	5081	2.31	2.05E+09	0.00204405	0.20	0.0277	75	-44	19	0.00205364	24.16	
#S-S88@35	41.15	5245	5069	2.31	2.05E+09	0.00204538	0.17	0.0271	76	-43	20	0.00205498	24.83	
#S-S88@36	41.22	5279	5057	2.31	2.06E+09	0.00204704	0.17	0.0283	75	-45	19	0.00205665	25.66	
#S-S88@37	41.29	5313	5045	2.29	2.05E+09	0.00204744	0.20	0.0273	76	-43	19	0.00205705	25.86	
#S-S88@38	41.35	5347	5033	2.30	2.06E+09	0.00203993	0.18	0.0293	76	-45	19	0.00204950	22.09	
#T-S88@01	29.82	1107	-884	2.36	2.19E+09	0.00203808	0.22	0.0298	-8	-1	27	0.00204765	21.17	
#T-S88@02	29.89	1087	-913	2.37	2.19E+09	0.00203819	0.17	0.0288	-9	-1	28	0.00204775	21.22	
#T-S88@03	29.95	1067	-942	2.37	2.17E+09	0.00204032	0.14	0.0285	-8	-1	31	0.00204990	22.29	
#T-S88@04	30.02	1047	-971	2.37	2.12E+09	0.00203995	0.16	0.0287	-9	-1	30	0.00204952	22.10	
#T-S88@05	30.09	1027	-1000	2.37	2.17E+09	0.00204107	0.18	0.0285	-9	1	29	0.00205065	22.67	
#T-S88@06	30.15	1008	-1029	2.37	2.17E+09	0.00204055	0.20	0.0316	-9	2	30	0.00205013	22.40	
#T-S88@07	30.22	988	-1058	2.37	2.12E+09	0.00203963	0.19	0.0332	-10	2	32	0.00204921	21.95	
#T-S88@08	30.29	969	-1087	2.37	2.13E+09	0.00203929	0.16	0.0318	-10	2	32	0.00204886	21.77	
#T-S88@09	30.35	949	-1116	2.36	1.91E+09	0.00203238	0.17	0.0363	-10	1	29	0.00204192	18.31	
#T-S88@10	30.42	929	-1145	2.37	2.09E+09	0.00203442	0.17	0.0363	-10	2	30	0.00204397	19.34	
#T-S88@11	30.62	910	-1174	2.36	2.11E+09	0.00203672	0.17	0.0350	-11	1	33	0.00204628	20.49	
#T-S88@12	30.69	890	-1203	2.36	2.13E+09	0.00203865	0.18	0.0334	-11	1	33	0.00204822	21.46	
#T-S88@13	30.77	870	-1232	2.37	2.15E+09	0.00203910	0.21	0.0373	-12	1	30	0.00204867	21.68	
#T-S88@14	30.84	851	-1261	2.36	2.15E+09	0.00203938	0.17	0.0342	-12	1	29	0.00204895	21.82	
#T-S88@15	30.90	831	-1290	2.37	2.15E+09	0.00203906	0.18	0.0321	-13	1	32	0.00204863	21.66	
#T-S88@16	30.97	811	-1319	2.37	2.13E+09	0.00203917	0.15	0.0322	-13	2	32	0.00204874	21.71	
#T-S88@17	31.04	792	-1348	2.36	2.16E+09	0.00203953	0.20	0.0314	-13	3	29	0.00204910	21.89	
#T-S88@18	31.10	772	-1377	2.37	2.15E+09	0.00204069	0.18	0.0292	-13	3	30	0.00205027	22.48	
#T-S88@19	31.17	752	-1406	2.36	2.14E+09	0.00204280	0.19	0.0308	-14	3	33	0.00205239	23.53	
#T-S88@20	31.24	733	-1435	2.36	2.15E+09	0.00204334	0.14	0.0315	-14	3	32	0.00205293	23.81	
#T-S88@21	31.30	713	-1464	2.36	2.16E+09	0.00204390	0.19	0.0314	-14	4	30	0.00205350	24.09	
#T-S88@22	31.37	693	-1493	2.36	2.17E+09	0.00204584	0.16	0.0317	-15	3	31	0.00205545	25.06	
#T-S88@23	31.44	673	-1522	2.37	2.14E+09	0.00204428	0.16	0.0297	-15	3	33	0.00205387	24.27	
#T-S88@24	31.50	654	-1550	2.37	2.15E+09	0.00204251	0.19	0.0311	-15	2	33	0.00205210	23.39	
#T-S88@25	31.57	634	-1578	2.37	2.13E+09	0.00204068	0.19	0.0315	-15	2	32	0.00205026	22.47	
#T-S88@26	31.64	615	-1606	2.37	2.13E+09	0.00204020	0.18	0.0290	-16	2	33	0.00204977	22.23	
#T-S88@27	31.70	595	-1634	2.37	2.16E+09	0.00204002	0.16	0.0304	-16	2	32	0.00204960	22.14	
#T-S88@28	31.77	575	-1662	2.37	2.15E+09	0.00204207	0.18	0.0315	-16	2	33	0.00205165	23.17	
#T-S88@29	31.84	556	-1690	2.37	2.16E+09	0.00204152	0.15	0.0305	-16	3	32	0.00205111	22.89	
#T-S88@30	31.90	536	-1718	2.36	2.14E+09	0.00204485	0.18	0.0291	-17	4	33	0.00205445	24.56	
#T-S88@31	32.10	516	-1746	2.36	2.13E+09	0.00204640	0.19	0.0280	-17	4	33	0.00205600	25.34	
#T-S88@32	32.17	497	-1774	2.36	2.15E+09	0.00204538	0.15	0.0303	-17	4	32	0.00205498	24.83	
#T-S88@33	32.24	477	-1802	2.37	2.14E+09	0.00204363	0.16	0.0290	-18	4	33	0.00205322	23.95	
#T-S88@34	32.30	457	-1830	2.36	2.14E+09	0.00204168	0.21	0.0299	-18	4	32	0.00205126	22.97	
#T-S88@35	32.39	438	-1858	2.36	2.13E+09	0.00203937	0.16	0.0264	-18	3	33	0.00204894	21.81	
#T-S88@36	32.45	418	-1886	2.36	2.13E+09	0.00203981	0.16	0.0277	-19	3	34	0.00204939	22.04	
#T-S88@37	32.52	398	-1914	2.36	2.15E+09	0.00204407	0.19	0.0290	-19	3	33	0.00205367	24.17	
#T-S88@38	32.59	379	-1942	2.36	2.15E+09	0.00204616	0.19	0.0305	-20	3	33	0.00205576	25.21	
#T-S88@39	32.65	359	-1970	2.36	2.12E+09	0.00204060	0.18	0.0274	-20	4	33	0.00205017	22.43	
#T-S88@40	32.72	339	-1998	2.36	2.12E+09	0.00203996	0.17	0.0258	-20	3	33	0.00204953	22.11	
#T-S88@41	32.79	320	-2026	2.36	2.12E+09	0.00203733	0.15	0.0248	-21	4	34	0.00204690	20.79	
#T-S88@42	32.85	300	-2054	2.35	2.13E+09	0.00204252	0.15	0.0269	-21	4	33	0.00205211	23.39	
