"ID";"Distance_um";"d18O";"OH";"SE_permil"
"#K";2034.46430295545;-5.4681472;0.0236;0.152
"#C";2008.99502239304;-4.27503489999999;0.0213;0.162
"#K";1999.11105244306;-7.5924691;0.0243;0.173
"#C";1973.64662490528;-4.4593368;0.0234;0.18
"#K";1963.75787713251;-7.6506697;0.0234;0.151
"#C";1938.29848062676;-5.1092435;0.0256;0.17
"#K";1928.40478115981;-8.3684771;0.026;0.145
"09";1926.94628882073;-4.8958413;0.027;0.198
"#L";1925.97845263129;-7.1365644;0.0268;0.183
"#C";1903.07172749742;-5.2935454;0.0247;0.188
"#K";1893.05176896988;-3.79973;0.0224;0.139
"09";1891.77826396224;-5.7688503;0.0271;0.193
"#L";1890.2066024644;-9.1638853;0.0215;0.164
"#C";1867.72374830969;-5.2450449;0.0265;0.152
"#K";1857.69884534604;-5.6524491;0.0233;0.154
"09";1856.61035222795;-7.0686637;0.0272;0.156
"#L";1854.43495437289;-8.9213828;0.0243;0.175
"#M";1849.45451417438;-6.8843618;0.0253;0.183
"#C";1832.49693042035;-4.2944351;0.0235;0.135
"#K";1822.34601544273;-6.903762;0.0226;0.187
"09";1821.44256017037;-5.545748;0.0273;0.196
"#L";1818.66352028076;-5.5360479;0.0256;0.162
"#M";1814.45556572764;-9.0183838;0.0237;0.132
"#C";1797.27015220306;-4.76974;0.023;0.169
"#K";1786.9932848223;-8.64978;0.0243;0.174
"09";1786.51756218628;-6.3993568;0.0271;0.212
"#L";1782.89231306885;-8.3005764;0.0231;0.168
"#M";1778.85047151243;-6.4672575;0.0221;0.146
"#C";1761.9222457305;-5.3711462;0.023;0.145
"#G";1757.08907002462;-6.54485829999999;0.0248;0.157
"#K";1752.3390082972;-8.1356747;0.0239;0.183
"09";1751.34976518113;-5.64274899999999;0.0273;0.185
"02";1748.56655578219;-5.9919526;0.0261;0.141
"#L";1747.12134667286;-8.5624791;0.0227;0.155
"#M";1743.2455363488;-6.5933588;0.0232;0.179
"10";1732.50569984632;-5.7494501;0.0252;0.181
"#C";1726.69539873135;-5.4681472;0.0227;0.174
"#G";1721.87252722145;-8.3975774;0.0241;0.165
"#K";1717.68477899759;-7.388767;0.0254;0.182
"09";1716.42477260147;-3.4602265;0.0273;0.185
"02";1713.33884564613;-6.1956547;0.0244;0.202
"#L";1711.35063619353;-7.7961712;0.0254;0.178
"#M";1707.64077018558;-7.2723658;0.0228;0.191
"#D";1702.55719434033;-4.3914361;0.0253;0.193
"10";1697.62333867086;-6.1083538;0.0249;0.189
"01";1692.0738754558;-4.9055414;0.0264;0.158
"#C";1691.34768749657;-5.3323458;0.0225;0.146
"05";1690.84742067402;-4.1392335;0.0243;0.161
"#G";1686.65645583207;-8.940783;0.0238;0.17
"#K";1683.03059984066;-4.866741;0.0227;0.176
"09";1681.25697024577;-5.157744;0.0274;0.191
"02";1678.11114053867;-5.5845484;0.024;0.195
"#L";1675.58019802097;-5.157744;0.0246;0.191
"#M";1672.036183819;-4.8376407;0.0216;0.167
"#D";1667.22404013378;-4.7988403;0.0277;0.177
"10";1662.74111033558;-8.0871742;0.027;0.23
"01";1656.84791094415;-4.5951382;0.0266;0.18
"05";1656.72266840289;-5.08984329999999;0.0248;0.162
"#C";1656.12076854316;-5.4099466;0.0225;0.152
"#G";1651.98668275504;-8.261776;0.0243;0.176
"#K";1648.37647398888;-4.5854381;0.0233;0.167
"09";1646.33198353188;-6.6030589;0.0276;0.179
"02";1643.70830745604;-6.2538553;0.023;0.157
"#L";1640.23961664142;-6.70976;0.0224;0.17
"#M";1636.4317889848;-7.6991702;0.0201;0.182
"#D";1631.89123412071;-5.4099466;0.024;0.162
"10";1628.30525393736;-5.4778473;0.0236;0.186
"05";1622.5982250699;-5.0122425;0.0241;0.156
"01";1621.62202747743;-4.7794401;0.0247;0.191
"#C";1620.89388918584;-5.3711462;0.0206;0.15
"#G";1617.31691390401;-5.4293468;0.0232;0.168
"#K";1613.72240487638;-6.0986537;0.0226;0.169
"09";1611.16417537134;-3.3244251;0.0275;0.181
"02";1609.30575093734;-5.9919526;0.0212;0.16
"#L";1604.89906224659;-8.1841752;0.0229;0.167
"#M";1600.82759846275;-6.5060579;0.0199;0.214
"#D";1596.5587994183;-6.4866577;0.0243;0.171
"10";1593.42304489423;-5.6330489;0.0248;0.221
"05";1588.47411058538;-5.73975;0.0263;0.149
"01";1587.3909411358;-5.4681472;0.0237;0.161
"#C";1585.54627810102;-5.0316427;0.0232;0.155
"#G";1582.64714955672;-6.1762545;0.0234;0.179
"#K";1579.06839623874;-6.70976;0.0229;0.175
"09";1576.23919504623;-8.5624791;0.0258;0.2
"02";1574.07814291413;-5.3032455;0.0236;0.184
"#H";1569.84871882612;-5.7785504;0.0231;0.153
"#L";1569.55853665927;-6.612759;0.025;0.203
"#M";1565.22362619531;-3.5669276;0.02;0.174
"#D";1560.78185535327;-6.515758;0.0257;0.154
"10";1558.98717121085;-8.3878773;0.0243;0.183
"05";1554.35034660787;-5.9628523;0.0265;0.165
"01";1552.26801809481;-6.3023558;0.0261;0.189
"#C";1550.31932194629;-5.8173508;0.0229;0.168
"#G";1547.97739001576;-7.7573708;0.0247;0.174
"#K";1544.41445214683;-7.3499666;0.0231;0.2
"09";1541.07138056613;-7.67977;0.0268;0.229
"02";1539.67593993022;-6.2538553;0.0272;0.182
"#H";1534.96319174109;-6.5933588;0.0229;0.162
"#L";1534.21804187019;-5.6233488;0.0243;0.146
"03";1531.8707517281;-3.4214261;0.0237;0.183
"#M";1528.82307674891;-7.9901732;0.0205;0.186
"#D";1525.44976974006;-6.4381572;0.0245;0.181
"10";1524.10498326067;-7.8834721;0.0261;0.18
"05";1520.22695674034;-6.903762;0.025;0.178
"01";1518.03689019734;-6.5060579;0.025;0.19
"#C";1515.09240642279;-4.3041352;0.0228;0.158
"#G";1512.76204341595;-8.3975774;0.0222;0.209
"#K";1509.76057704525;-7.67977;0.0268;0.172
"09";1506.14640722607;-8.1841752;0.0274;0.182
"02";1505.27406142536;-7.6991702;0.0249;0.177
"#H";1500.07766465607;-8.4751782;0.0263;0.152
"#L";1498.87758005782;-7.4760679;0.0211;0.173
"#A";1496.86205109222;-6.7000599;0.0273;0.105
"03";1496.26200914145;-4.4496367;0.0242;0.178
"#M";1492.42252730251;-7.776771;0.0195;0.154
"#D";1489.67278286206;-7.3790669;0.0241;0.163
"10";1489.6690907715;-4.3914361;0.0247;0.242
"05";1486.10396675334;-5.2062445;0.0245;0.181
"01";1483.90868991323;-6.3023558;0.0249;0.182
"#C";1479.74491044909;-5.4099466;0.0234;0.184
"#E";1479.00845163238;-4.7018393;0.0258;0.171
"#G";1478.09235164789;-7.9028723;0.0218;0.169
"#K";1475.10677579625;-4.9055414;0.0265;0.175
"09";1470.97858584005;-7.9998733;0.0273;0.186
"02";1470.87253016704;-6.52545809999999;0.0279;0.19
"#H";1466.08082996812;-4.9831422;0.0243;0.185
"#L";1463.53715361107;-7.5439686;0.0232;0.149
"#A";1461.5149674225;-5.7591502;0.0265;0.167
"03";1460.65327850247;-5.1480439;0.0242;0.195
"#M";1456.0219778561;-7.7864711;0.0214;0.152
"10";1454.7869259792;-7.5051682;0.0265;0.224
"#D";1454.34108791576;-6.4381572;0.0248;0.176
"05";1451.98140483961;-4.3623358;0.0234;0.182
"01";1448.68285003999;-6.6903598;0.0253;0.181
"#C";1444.51791266152;-4.9734421;0.0231;0.197
"#E";1444.00865648375;-4.7891402;0.0278;0.162
"#G";1443.4226685209;-6.7194601;0.0242;0.161
"#B";1440.85981275071;-6.54485829999999;0.0236;0.158
"#K";1440.45305372997;-4.8570409;0.0235;0.186
"09";1436.05362016883;-5.1868443;0.0274;0.186
"02";1435.64515114286;-7.3984671;0.0286;0.155
"#H";1432.54249500669;-5.4681472;0.0232;0.181
"#L";1428.19676515528;-7.2529656;0.0254;0.176
"#A";1426.16829301454;-4.8958413;0.0258;0.179
"03";1425.65949651381;-5.08984329999999;0.024;0.168
"10";1420.35101295419;-7.2529656;0.0267;0.164
"#D";1419.90492639472;-6.9716627;0.0259;0.185
"#M";1419.6214284097;-6.7582605;0.0213;0.178
"05";1417.85930190552;-4.8764411;0.0242;0.177
"01";1414.55470025022;-7.0395634;0.0275;0.17
"#C";1409.29095647421;-5.0219426;0.0247;0.132
"#E";1409.00887151217;-4.8570409;0.0274;0.159
"#G";1408.75299467295;-4.672739;0.0226;0.19
"#B";1406.65738543542;-6.6515594;0.0235;0.164
"#K";1405.79941670211;-5.5748483;0.0228;0.175
"02";1401.24409008566;-7.194765;0.0341;0.172
"09";1400.88579120498;-4.4302365;0.0275;0.185
"#H";1397.65696792883;-9.2123858;0.0236;0.165
"#L";1392.85641758223;-6.9716627;0.0259;0.17
"#A";1390.94104835539;-5.6621492;0.0252;0.153
"03";1390.05071849915;-5.8949516;0.0253;0.193
"#I";1390.02302139209;-5.448747;0.0235;0.144
"10";1385.46887370305;-4.6630389;0.0239;0.21
"#D";1385.02310450043;-6.9328623;0.0259;0.185
"05";1383.73769190551;-5.545748;0.0254;0.164
"#M";1383.2208789633;-6.8649616;0.0215;0.181
"01";1380.32351280415;-8.1356747;0.0277;0.155
"#F";1379.49447262394;-4.2071342;0.0254;0.177
"#E";1375.00909087904;-5.3905464;0.0263;0.17
"#G";1374.0833308064;-5.0219426;0.0234;0.17
"#C";1373.94359418427;-4.5563378;0.0247;0.188
"#B";1372.4550994477;-5.64274899999999;0.0235;0.15
"#K";1371.14587116032;-5.7882505;0.0239;0.165
"02";1366.84344385156;-5.3032455;0.0272;0.199
"09";1365.96083399196;-5.8464511;0.0272;0.176
"#H";1363.66014827742;-7.5245684;0.0225;0.167
"#L";1357.51611408484;-8.4751782;0.0251;0.155
"#A";1356.70667426677;-5.8658513;0.0239;0.17
"03";1355.05719436487;-6.030753;0.0279;0.179
"#I";1355.02361603036;-6.0986537;0.0247;0.143
"10";1351.0329381625;-7.9416727;0.0252;0.169
"#D";1350.58690945825;-5.9434521;0.0283;0.161
"05";1349.61661222734;-6.321756;0.0255;0.202
"#M";1346.8203295169;-7.7670709;0.0216;0.171
"01";1345.20072851601;-7.485768;0.0307;0.115
"#F";1344.83642127955;-4.7115394;0.0267;0.182
"#E";1340.00932832574;-5.6233488;0.025;0.167
"#G";1338.86892562342;-6.4769576;0.0245;0.172
"#C";1338.71654953541;-4.9831422;0.0258;0.182
"#B";1337.62849850024;-5.8949516;0.0224;0.121
"#K";1336.49242422095;-7.1850649;0.0241;0.178
"02";1332.44324456991;-5.0025424;0.0278;0.16
"09";1330.79299667529;-5.0510429;0.0274;0.203
"#H";1330.12179893422;-3.993732;0.021;0.199
"#L";1322.17585819739;-8.0968743;0.0262;0.187
"#A";1321.47947392307;-6.3896567;0.0236;0.137
"#I";1320.02424220163;-5.0219426;0.0224;0.142
"03";1319.4483695848;-6.0792535;0.027;0.205
"10";1316.15082722308;-7.8640719;0.0257;0.178
"#D";1315.7051341391;-4.8764411;0.0301;0.171
"05";1314.94676698336;-6.2926557;0.0253;0.192
"01";1310.96948858469;-6.1956547;0.0279;0.153
"#M";1310.41978007049;-7.3014661;0.0218;0.193
"#F";1310.17899540483;-5.5069476;0.0247;0.159
"#E";1306.00957117473;-5.8658513;0.0243;0.164
"#G";1304.19937126192;-6.6903598;0.0235;0.175
"#C";1303.36947946467;-4.3720359;0.0247;0.16
"#B";1302.80198034851;-6.0404531;0.0239;0.159
"#K";1301.83908375805;-6.9134621;0.0224;0.153
"02";1297.21625028366;-4.7891402;0.0291;0.193
"09";1295.86804883831;-6.127754;0.0275;0.194
"#H";1295.23627188247;-4.3526357;0.0236;0.16
"#A";1287.24512040248;-6.3314561;0.0244;0.154
"#L";1286.8356538424;-6.7291602;0.0247;0.154
"#I";1285.02490248244;-6.418757;0.0229;0.181
"03";1284.45513740263;-6.3411562;0.0261;0.21
"10";1281.71486688733;-7.485768;0.0265;0.186
"#D";1281.26890229959;-3.605728;0.0297;0.192
"05";1280.27692316936;-6.70976;0.0275;0.166
"01";1276.73842270059;-4.6630389;0.0261;0.15
"#F";1276.0470210772;-5.0025424;0.0243;0.206
"#M";1274.01923062409;-7.8834721;0.0233;0.137
"#E";1272.00982700607;-6.3702565;0.0259;0.168
"#G";1269.52983422998;-6.6418593;0.0249;0.157
"#C";1268.14234216826;-4.0422325;0.0256;0.141
"#B";1267.97555181478;-6.7194601;0.0219;0.184
"#B";1267.97555181478;-6.7194601;0.0219;0.184
"#K";1267.18585850695;-7.7088703;0.0237;0.169
"02";1262.8166929527;-5.4099466;0.0282;0.185
"08";1262.48049489883;-5.3323458;0.0276;0.193
"#H";1261.23946972809;-6.8552615;0.0203;0.156
"09";1260.70020226856;-8.2714761;0.0278;0.171
"#A";1251.89855819072;-6.3023558;0.0237;0.183
"#L";1251.49550538546;-4.5854381;0.0267;0.154
"#I";1250.02559973786;-5.9919526;0.0236;0.152
"03";1249.46228434475;-6.9910629;0.0289;0.172
"10";1246.83278750601;-6.6321592;0.0255;0.182
"#D";1246.3871790098;-5.0219426;0.0296;0.165
"05";1245.60708090473;-6.0501532;0.0278;0.158
"#F";1241.91505345575;-6.3508563;0.0252;0.143
"01";1241.61547992927;-4.4496367;0.0264;0.161
"#M";1237.61868117769;-4.9346417;0.0225;0.152
"#E";1237.01010505169;-6.0792535;0.0231;0.166
"#G";1234.8603159872;-6.5836587;0.0243;0.176
"#B";1233.14922049199;-6.3896567;0.0222;0.148
"#C";1232.91524445113;-4.8861412;0.029;0.155
"#K";1232.53275818536;-6.9813628;0.0245;0.156
"#J";1231.19657244487;-6.4963578;0.0244;0.159
"02";1228.41768140971;-5.5554481;0.0289;0.191
"#H";1227.70110368933;-7.9028723;0.0206;0.175
"08";1227.12550295396;-7.3014661;0.0276;0.159
"09";1225.53253730776;-7.4372675;0.0278;0.175
"#A";1217.66415731104;-7.0589636;0.0248;0.135
"#L";1216.15541769956;-6.0404531;0.0255;0.189
"#I";1215.02633716311;-4.381736;0.0216;0.149
"03";1213.85336840988;-6.1956547;0.0288;0.192
"10";1212.39679973184;-7.6021692;0.0264;0.224
"#D";1211.95090659647;-5.6039486;0.0296;0.167
"05";1210.93724032255;-4.672739;0.0244;0.162
"#F";1207.78309310902;-6.0113528;0.0246;0.151
"01";1207.38436299299;-5.5554481;0.0285;0.173
"#E";1203.01039064507;-6.1956547;0.0225;0.174
"07";1202.78219142121;-6.5060579;0.0265;0.159
"#M";1201.21813173129;-5.64274899999999;0.0228;0.159
"#G";1200.19081816185;-8.2811762;0.0233;0.204
"#B";1198.32299485573;-6.52545809999999;0.0227;0.168
"#K";1197.8797936354;-7.6991702;0.0266;0.185
"#C";1196.57553042004;-4.866741;0.0295;0.171
"#J";1195.74453793442;-5.0801432;0.0258;0.171
"02";1193.191099531;-5.8949516;0.0278;0.189
"#H";1192.81557669239;-7.1268643;0.0238;0.185
"08";1191.77053160413;-7.0298633;0.0275;0.163
"09";1190.60740800652;-3.3244251;0.0278;0.173
"#A";1182.43689049353;-6.8358613;0.0259;0.151
"#L";1180.81539624109;-6.9716627;0.0256;0.15
"#I";1180.02711833246;-6.6612595;0.0249;0.146
"03";1178.86089086033;-5.8852515;0.0287;0.164
"#D";1177.51475574619;-6.3023558;0.0293;0.139
"10";1177.51475574619;-7.2141652;0.0262;0.234
"06";1177.3822658763;-3.9258313;0.0262;0.133
"05";1176.2674015716;-6.6709596;0.0266;0.164
"#F";1173.65114067171;-6.0598533;0.0263;0.156
"01";1173.2561527646;-5.5748483;0.0278;0.137
"07";1168.0693472564;-7.8931722;0.0255;0.191
"#E";1168.00684929499;-6.3702565;0.0211;0.166
"#G";1164.97768218966;-8.1356747;0.0237;0.193
"#M";1164.81758228488;-6.0501532;0.0222;0.183
"#B";1163.49688439634;-7.3499666;0.0242;0.134
"#K";1163.22697699116;-7.2723658;0.0253;0.171
"#C";1160.35554895902;-5.9240519;0.0294;0.133
"#J";1160.29349735315;-5.4584471;0.0253;0.176
"#H";1159.27736111769;-3.3050249;0.0227;0.196
"02";1158.79290643324;-6.0501532;0.0294;0.163
"08";1156.41558273832;-6.3896567;0.0275;0.156
"09";1155.43974312813;-5.3032455;0.0277;0.193
"#A";1148.20250827108;-7.2238653;0.0281;0.159
"#L";1145.47544713975;-7.1462645;0.0248;0.182
"#I";1145.02794725718;-6.2053548;0.0264;0.164
"03";1143.25194073747;-5.5554481;0.0286;0.158
"10";1143.0787374455;-7.9804731;0.0264;0.195
"#D";1142.63292443374;-6.6806597;0.0313;0.147
"05";1142.43336786003;-6.8649616;0.0286;0.208
"06";1142.39397757516;-4.7018393;0.0259;0.196
"#F";1139.51919685453;-6.2441552;0.0258;0.157
"01";1138.03031594066;-5.9822525;0.0265;0.182
"#E";1134.00705465178;-7.3984671;0.0248;0.177
"07";1133.35651937067;-7.7088703;0.0235;0.14
"#G";1130.30836500488;-7.7476707;0.0262;0.191
"#B";1128.67089977548;-7.3208663;0.0236;0.163
"#K";1128.57432187694;-7.8931722;0.0237;0.158
"#M";1128.41703283848;-6.54485829999999;0.0213;0.157
"#H";1125.28040949801;-4.9152415;0.0229;0.163
"#J";1124.84354467633;-5.4584471;0.0262;0.173
"02";1124.3953930891;-5.97255239999999;0.026;0.191
"#C";1124.13566796895;-5.73975;0.0287;0.133
"08";1121.06065848374;-5.0995434;0.0274;0.187
"09";1120.5146139163;-5.4099466;0.0268;0.194
"#A";1112.97529172934;-7.9319726;0.0285;0.158
"#L";1110.13557730576;-8.6982805;0.0238;0.168
"#I";1110.02882845447;-6.1956547;0.0236;0.156
"03";1108.25989731651;-3.411726;0.0264;0.192
"#D";1108.1967334368;-6.3023558;0.0311;0.164
"10";1108.1967334368;-3.94523149999999;0.0263;0.197
"05";1107.76351266866;-5.8076507;0.0281;0.149
"06";1107.40642945578;-5.9143518;0.0275;0.168
"#F";1105.38726245601;-5.9919526;0.0248;0.17
"01";1103.90216957845;-6.2635554;0.0271;0.166
"#E";1100.00727270323;-6.2635554;0.0271;0.157
"07";1098.64370930707;-8.3684771;0.024;0.173
"#G";1095.63908291006;-6.806761;0.0245;0.174
"#K";1093.92184364332;-7.1268643;0.0255;0.136
"#B";1093.84505301254;-8.0192735;0.0257;0.168
"#M";1092.01648339208;-7.7961712;0.0213;0.172
"#H";1090.39488259988;-7.4178673;0.0234;0.175
"#J";1090.13393672521;-5.836751;0.0259;0.167
"02";1089.99862385234;-5.8561512;0.0238;0.205
"#C";1087.79593674549;-5.2353448;0.0285;0.155
"08";1086.69498940595;-3.37292559999999;0.0272;0.19
"09";1085.34694913654;-7.8834721;0.0274;0.18
"#A";1078.74093275448;-7.09776399999999;0.0252;0.152
"#I";1075.02976702973;-7.9416727;0.0263;0.175
"#L";1074.7957945582;-6.1762545;0.0256;0.151
"10";1073.76068097132;-6.1568543;0.0253;0.181
"#D";1073.31495843485;-7.0589636;0.0315;0.176
"03";1073.26837277542;-4.7309396;0.0273;0.173
"05";1073.09365854058;-5.7591502;0.0282;0.175
"06";1072.41969396314;-5.4972475;0.0265;0.158
"#F";1071.25533837643;-6.1859546;0.025;0.174
"01";1069.67097745054;-6.418757;0.0269;0.15
"#E";1065.0075117106;-7.388767;0.0287;0.183
"07";1063.93091881005;-9.231786;0.024;0.17
"#G";1060.96983934512;-6.4284571;0.0254;0.177
"#K";1059.26955964948;-8.2132755;0.0276;0.152
"#B";1059.01935770787;-6.515758;0.0235;0.204
"#H";1056.85666010108;-7.4081672;0.0233;0.178
"#M";1055.61593394568;-7.67977;0.0237;0.172
"#J";1055.42455912301;-6.3605564;0.0262;0.179
"02";1054.77296135235;-5.6912495;0.0217;0.14
"#C";1051.57596016645;-6.030753;0.0272;0.161
"08";1051.34009720927;-4.7794401;0.0271;0.162
"09";1050.42182003231;-9.0183838;0.0279;0.151
"#A";1043.39446040316;-6.127754;0.0291;0.131
"#I";1040.03076877562;-7.4566677;0.0253;0.149
"#L";1039.45610777945;-6.6224591;0.0249;0.185
"#D";1038.87872246957;-6.6030589;0.0323;0.174
"10";1038.87872246957;-8.2132755;0.0266;0.181
"05";1038.42380558229;-5.0413428;0.0267;0.157
"03";1037.65938534762;-7.7670709;0.0435;0.194
"06";1037.40541737548;-6.3702565;0.0273;0.144
"#F";1036.59924753976;-5.4390469;0.0254;0.16
"01";1034.5482105731;-6.612759;0.0274;0.183
"#E";1031.00775942764;-4.2653348;0.0253;0.181
"07";1030.19852455728;-7.8446717;0.0232;0.172
"#G";1026.30063821475;-6.1859546;0.026;0.145
"#K";1024.61748960283;-7.1656647;0.0259;0.205
"#B";1024.19382931162;-6.1180539;0.0246;0.171
"#H";1022.85971667673;-8.6982805;0.0208;0.134
"02";1020.93535544617;-5.2353448;0.0178;0.157
"#J";1020.71543536874;-5.8852515;0.0253;0.156
"#M";1019.21538449927;-7.9610729;0.0232;0.183
"08";1015.9852361132;-4.4593368;0.0272;0.131
"09";1015.25415537194;-8.24237579999999;0.0277;0.176
"#C";1015.23642566646;-5.6136487;0.0282;0.129
"#A";1009.16004677157;-5.4681472;0.0332;0.157
"#I";1005.03184029164;-4.963742;0.0243;0.134
"10";1004.44263151262;-9.03778399999999;0.026;0.151
"#L";1004.11652710231;-6.6030589;0.0243;0.142
"#D";1003.99701194774;-7.4760679;0.0342;0.148
"05";1003.753953915;-5.351746;0.0268;0.178
"03";1002.66843971474;-5.3905464;0.0276;0.19
"#F";1002.46745583086;-5.7009496;0.0272;0.132
"06";1002.39114122183;-6.8455614;0.0272;0.169
"01";1000.31694977142;-6.21505489999999;0.0261;0.159
"#E";996.008032096127;-4.8958413;0.0247;0.144
"07";995.485811049058;-8.6400799;0.0268;0.152
"#G";991.089299710172;-8.2326757;0.0283;0.181
"#K";989.965655969943;-6.8261612;0.0262;0.156
"#B";989.368485449178;-5.0413428;0.0265;0.196
"#H";987.974189946276;-8.9504831;0.0225;0.149
"02";987.097766181243;NA;0.0299;0.204
"#J";986.006592270052;-5.9240519;0.0258;0.157
"#M";982.81483505287;-9.0474841;0.0266;0.139
"08";981.619580081816;-4.9249416;0.0273;0.172
"09";980.32902639879;-5.6136487;0.0279;0.197
"#C";979.016343070942;-6.4866577;0.0278;0.162
"#A";973.932749218343;-4.27503489999999;0.029;0.175
"#I";970.032989129751;-6.6515594;0.0248;0.151
"#D";969.560725277174;-7.4178673;0.0339;0.188
"10";969.560725277174;-6.1859546;0.024;0.184
"05";969.084103677281;-5.1480439;0.0275;0.152
"#L";968.777064138081;-7.2723658;0.0251;0.179
"#F";968.335685596684;-6.6418593;0.0272;0.161
"06";967.376865549306;-6.9619626;0.0275;0.144
"03";967.059460426297;-5.5845484;0.0259;0.157
"01";966.085917504235;-6.4381572;0.027;0.167
"#E";962.008315972372;-4.9055414;0.0262;0.157
"07";961.753606699762;-10.201796;0.0274;0.17
"#G";956.420409652575;-8.3199766;0.0258;0.147
"#K";955.314084476933;-6.3314561;0.0245;0.183
"#B";954.543346318018;-4.0228323;0.024;0.163
"#H";954.435959087879;-7.7282705;0.0235;0.152
"02";953.260195329691;NA;0.019;0.257
"#J";951.298060546746;-6.6418593;0.0298;0.165
"#M";946.414285606467;-8.7564811;0.0267;0.166
"08";946.264762104138;-5.351746;0.0273;0.177
"09";945.161361884837;-5.2935454;0.0277;0.185
"#C";942.796372500446;-5.73975;0.0254;0.134
"#A";939.698355856814;-5.2450449;0.0307;0.18
"#D";935.124590629505;-7.1074641;0.0349;0.18
"10";935.124590629505;-7.4954681;0.0245;0.227
"#I";935.034223972577;-6.5351582;0.0251;0.159
"05";934.41425502825;-5.7785504;0.0273;0.155
"#F";934.20393919101;-6.1665544;0.0275;0.166
"#L";933.437732256416;-7.5633688;0.0251;0.162
"06";932.362590412121;-6.6418593;0.0274;0.162
"03";932.069203439315;-5.7785504;0.0267;0.19
"01";930.962942334441;-7.3984671;0.0285;0.136
"#E";928.008620649614;-4.9443418;0.0255;0.188
"07";927.040991542445;-8.6594801;0.0265;0.164
"#G";921.751593435021;-8.5430789;0.0259;0.165
"#K";920.662804722771;-6.8455614;0.0248;0.207
"#H";920.439025682853;-7.7185704;0.0239;0.194
"#B";919.718435174592;-5.9046517;0.029;0.171
"02";918.592945759981;-4.5272375;0.0189;0.218
"#J";916.589875571403;-6.8940619;0.0291;0.183
"08";910.909984575864;-5.5651482;0.0271;0.174
"09";910.236233073591;-6.1859546;0.0277;0.19
"#M";910.013736160065;-6.0016527;0.0264;0.157
"#C";906.45683846502;-5.8755514;0.0274;0.144
"#A";904.471116177847;-5.3905464;0.0303;0.167
"#D";900.24274504158;-8.3199766;0.0366;0.225
"10";900.24274504158;-8.6109796;0.0248;0.192
"#F";900.072219324649;-5.7591502;0.0286;0.163
"#I";900.035554853251;-6.515758;0.0268;0.17
"05";899.744408151559;-5.07044309999999;0.0278;0.161
"#L";898.098546931237;-7.4663678;0.0253;0.17
"06";897.348315872939;-4.090733;0.0272;0.177
"03";897.079706603599;-5.8852515;0.0264;0.171
"01";896.731843975667;-7.9998733;0.035;0.171
"#E";893.005039179511;-5.4196467;0.0264;0.176
"07";892.328414878737;-9.7555914;0.0263;0.163
"#G";887.08285971492;-8.3296767;0.0278;0.161
"#K";886.011850936544;-7.1656647;0.027;0.102
"#H";885.553499230848;-5.8464511;0.0242;0.153
"#B";884.893778936207;-5.7203498;0.0277;0.123
"02";884.755333411447;-5.5845484;0.0208;0.158
"#J";881.882078284846;-6.2538553;0.0266;0.165
"08";876.544351416401;-6.0792535;0.0272;0.18
"09";875.068568741901;-7.5245684;0.0274;0.156
"#M";873.613186713662;-7.0783638;0.0281;0.176
"#A";870.236749396393;-5.7494501;0.0308;0.145
"#C";870.236749396393;-5.6524491;0.0282;0.138
"#F";865.940529135806;-3.9064311;0.0237;0.15
"#D";865.806560381706;-6.5933588;0.0358;0.141
"10";865.806560381706;-8.5624791;0.0264;0.219
"05";865.074563260301;-5.351746;0.0272;0.167
"#I";864.037036243239;-4.6048383;0.0257;0.168
"#L";862.759526171691;-6.4672575;0.0257;0.138
"01";862.603616964362;-6.8358613;0.0276;0.178
"06";862.334042004605;-4.478737;0.0271;0.136
"03";861.470835257933;-5.545748;0.0243;0.188
"#E";859.005238633619;-6.1665544;0.0266;0.14
"07";858.596529226621;-9.4451882;0.0276;0.196
"#G";852.414218558091;-9.2026857;0.0277;0.199
"#H";852.015258079337;-7.7476707;0.0273;0.158
"#K";851.361262919567;-7.1074641;0.0274;0.167
"02";850.917739855034;-4.4593368;0.0195;0.158
"#B";850.069408930824;-6.3993568;0.0292;0.118
"#J";847.174716336601;-7.194765;0.0296;0.139
"08";841.189633792524;-5.4778473;0.0277;0.198
"09";840.143440133886;-7.8252715;0.0279;0.186
"#M";837.21263726726;-6.8358613;0.0247;0.145
"#A";834.890411970338;-5.9531522;0.0312;0.162
"#C";834.016786401809;-7.8058713;0.0301;0.201
"#F";831.808872277761;-4.6824391;0.0261;0.149
"#D";830.924786006531;NA;0.0346;0.146
"10";830.924786006531;-5.8561512;0.0257;0.182
"05";830.404720603153;-5.4293468;0.028;0.136
"#I";828.038646441095;-6.6418593;0.0257;0.17
"#L";827.4206910635;-6.3605564;0.0256;0.183
"01";827.377785536934;-6.6903598;0.0271;0.163
"06";827.319768892295;-4.4108363;0.0275;0.146
"03";826.482304710754;-6.3314561;0.0275;0.164
"#E";824.005461146951;-6.0598533;0.0263;0.153
"07";823.884093789897;-7.4954681;0.0276;0.171
"#H";818.018337202779;-7.5439686;0.0271;0.13
"#G";817.205604483963;-9.6488903;0.0277;0.146
"#K";816.711087227301;-4.7503398;0.0269;0.16
"02";816.250574272386;-4.4690369;0.0257;0.181
"#B";815.245361838999;-6.9619626;0.0284;0.167
"#J";812.467845517593;-6.8164611;0.0275;0.152
"08";805.834970698095;-6.0113528;0.0274;0.202
"09";804.975776033043;-7.7961712;0.028;0.201
"#M";800.812087820857;-7.1462645;0.0239;0.178
"#A";800.655981055534;-6.2732555;0.0308;0.131
"#C";797.677253029068;-6.1762545;0.0265;0.154
"#F";797.677253029068;-4.9055414;0.0267;0.183
"#D";796.488543545982;-11.3561079;0.0397;0.293
"10";796.488543545982;-8.746781;0.0265;0.166
"05";795.734880472133;-4.8958413;0.0274;0.204
"01";793.249645445871;-6.4963578;0.029;0.146
"06";792.305496636241;-5.1674441;0.0272;0.166
"#L";792.082066455238;-7.2820659;0.0241;0.16
"#I";792.040403009847;-6.4672575;0.0259;0.178
"03";791.657754335799;-6.5739586;0.0291;0.176
"#E";790.005696181996;-5.2935454;0.027;0.145
"07";789.171717688869;-7.2626657;0.0272;0.159
"#H";783.591730431096;-8.1065744;0.0257;0.152
"#G";782.537539035668;-9.9689936;0.0301;0.178
"02";782.412934453413;-6.7485604;0.0256;0.159
"#K";782.061378665383;-4.5563378;0.0264;0.106
"#B";780.421680887967;-6.5060579;0.0289;0.146
"#J";777.761531576357;-7.0201632;0.0279;0.165
"08";771.469377227638;-6.1665544;0.0273;0.176
"09";770.050647684943;-7.2044651;0.028;0.185
"#A";765.42863808457;-6.4090569;0.0311;0.158
"#M";764.411538374454;-7.5536687;0.0274;0.152
"#F";763.545676433309;-5.7785504;0.0269;0.149
"10";762.052491630334;-7.3790669;0.0264;0.215
"#D";761.606853960756;-7.4275674;0.0386;0.161
"#C";761.457155721844;-6.224755;0.0274;0.132
"05";761.065043212471;-6.6030589;0.0277;0.192
"01";759.018445098668;-6.3411562;0.0272;0.178
"#L";757.643715739793;-7.1753648;0.0251;0.167
"03";757.453628943713;-6.3702565;0.0291;0.164
"06";756.291610425502;-5.3905464;0.0271;0.18
"#I";756.042326857432;-6.9425624;0.0264;0.151
"#E";756.00595235752;-6.0889536;0.024;0.181
"07";755.440268982267;-7.3305664;0.0273;0.182
"#H";749.594557077358;-8.455778;0.0242;0.147
"02";748.575313512274;-7.0104631;0.0263;0.199
"#G";747.869641047155;-9.5615894;0.028;0.174
"#K";747.412202201703;-5.4875474;0.0273;0.146
"#B";745.598417380295;-6.9134621;0.0274;0.177
"#J";743.055852544074;-8.1841752;0.0336;0.165
"08";736.114800829327;-7.2820659;0.0274;0.174
"09";734.882983882468;-8.0289736;0.028;0.174
"#A";730.201342096822;-5.9628523;0.0308;0.136
"#F";728.892310290073;-7.1753648;0.0307;0.176
"#M";728.010988928052;-7.5439686;0.0277;0.156
"#D";727.170543957881;-7.0589636;0.0335;0.159
"10";727.170543957881;-9.0183838;0.0263;0.181
"05";726.395209235303;-5.7785504;0.028;0.153
"#C";725.117921444505;-6.0598533;0.0263;0.174
"01";723.895710720819;-5.7106497;0.029;0.155
"03";723.24961113021;-6.0792535;0.0283;0.168
"#L";723.205365024348;-7.5245684;0.0265;0.19
"#E";721.00624130447;-7.4081672;0.0282;0.153
"07";720.728104072541;-7.2529656;0.0268;0.19
"06";720.277724214764;-5.2838453;0.0272;0.196
"#I";720.044443072787;-6.1762545;0.0258;0.171
"#H";715.597652315881;-8.7079806;0.0241;0.151
"02";714.737714130156;-6.6321592;0.0287;0.184
"#K";712.76363543604;-6.7485604;0.0276;0.151
"#G";712.35945982348;-9.0183838;0.0272;0.129
"#B";710.775632671802;-6.8358613;0.0289;0.14
"#J";707.672240518165;-6.806761;0.0271;0.155
"08";700.760301387001;-6.8261612;0.0275;0.159
"09";699.957855874195;-6.7582605;0.0279;0.211
"#A";695.966953238442;-6.2538553;0.0306;0.131
"#F";694.761110022719;-7.388767;0.0333;0.17
"#D";692.734436851525;-7.1850649;0.0339;0.148
"10";692.734436851525;-9.2608863;0.0268;0.203
"05";692.561188632456;-5.5748483;0.0279;0.174
"#M";691.610439481649;-7.970773;0.0264;0.125
"01";689.664411145015;-5.97255239999999;0.0286;0.131
"#C";688.897670194928;-6.4575574;0.0262;0.172
"#L";688.767014308903;-8.4072775;0.0268;0.177
"03";688.425014071976;-7.0395634;0.0298;0.183
"#E";687.006550187114;-7.0686637;0.0288;0.156
"07";686.016034798021;-7.5536687;0.0244;0.174
"06";684.263838004026;-5.3420459;0.0271;0.177
"#I";684.046782025908;-5.3808463;0.0265;0.145
"#H";681.171050471172;-8.7564811;0.0255;0.173
"02";680.070584571925;-7.5924691;0.036;0.117
"#K";678.822509939086;-6.224755;0.0277;0.148
"#G";676.849318534044;-10.5703998;0.0524;0.199
"#B";675.953400760733;-7.9610729;0.0304;0.157
"#J";672.288628492257;NA;0.0212;0.157
"08";666.394777890703;-6.2441552;0.0273;0.188
"09";664.790192466766;-8.3199766;0.0279;0.155
"#F";660.630002346245;-6.5351582;0.0274;0.169
"#A";660.620920044166;-6.3120559;0.0293;0.184
"05";657.891328412223;-6.0986537;0.0281;0.15
"#D";657.852567069552;-9.7361912;0.0382;0.135
"10";657.852567069552;-8.4363778;0.0269;0.202
"01";655.433444370975;-5.8852515;0.028;0.147
"#M";655.209890035247;-8.2326757;0.0274;0.161
"#L";654.328663593457;-8.4460779;0.0285;0.159
"03";654.220910702188;-5.8464511;0.029;0.161
"#C";652.677562047294;-6.6030589;0.0301;0.148
"07";652.285213691066;-8.7758813;0.0274;0.144
"#E";652.006901803961;-6.4769576;0.0265;0.138
"06";648.249951793288;-5.3905464;0.027;0.144
"#I";648.049380834516;-4.3623358;0.0268;0.159
"#H";647.173856085055;-7.9222725;0.0247;0.154
"02";646.232930142066;-6.4963578;0.0285;0.175
"#K";644.881384442131;-6.5642585;0.0268;0.176
"#G";640.800280898815;-8.552779;0.027;0.172
"#B";640.344438564122;-7.8640719;0.0302;0.173
"#J";636.905016466349;NA;0.0281;0.362
"08";631.040410750373;-6.806761;0.0276;0.2
"09";630.593371357486;-6.6612595;0.0279;0.161
"#F";626.499002393459;-5.6718493;0.0278;0.157
"#A";626.386462178103;-6.4963578;0.0287;0.156
"#D";623.416393753004;-8.7079806;0.036;0.172
"10";623.416393753004;-8.2714761;0.0267;0.152
"05";623.221469463304;-6.5060579;0.028;0.184
"01";620.310406167751;-6.6612595;0.0276;0.157
"#L";619.890312878012;-7.3693668;0.0256;0.163
"03";619.396480454967;-6.52545809999999;0.0292;0.158
"#M";618.809340588844;-7.9998733;0.0295;0.154
"#E";618.003236237481;-6.4575574;0.0273;0.164
"07";617.573477409773;-7.9804731;0.0257;0.174
"#C";616.338381086234;-5.7979506;0.0275;0.181
"#H";613.176972822692;-8.8243818;0.0246;0.162
"02";612.395297173321;-6.2053548;0.0259;0.195
"06";612.23606558255;-6.6806597;0.0273;0.159
"#I";612.052285348237;-4.9928423;0.0257;0.179
"#K";610.940258945177;-7.1559646;0.0289;0.158
"#G";605.2900131342;-8.164775;0.026;0.166
"#B";604.735479362671;-7.2820659;0.0316;0.191
"#J";601.521404440441;-6.7291602;0.0284;0.158
"08";595.68615897971;-7.8252715;0.0282;0.171
"09";595.667692593782;-7.4469676;0.0278;0.173
"#F";592.368128784795;-7.291766;0.0287;0.16
"#A";591.159031056788;-6.8843618;0.0299;0.156
"05";588.551612010366;-6.8843618;0.0277;0.186
"#D";588.534620901778;-6.52545809999999;0.0365;0.141
"10";588.534620901778;-6.6224591;0.0266;0.234
"01";586.079346163981;-6.6224591;0.0267;0.158
"#L";585.451962162567;-6.7291602;0.0266;0.131
"03";585.192276093935;-7.4566677;0.0298;0.147
"#E";584.003424647493;-5.836751;0.0276;0.172
"07";582.861904742453;-8.0871742;0.0272;0.201
"#M";582.408791142441;-7.873772;0.0306;0.153
"#C";580.11809142622;-6.0792535;0.0307;0.124
"#H";578.750377969639;-8.164775;0.0249;0.121
"02";578.557689431227;-5.6330489;0.026;0.198
"#K";576.999133448223;-6.9813628;0.0283;0.136
"06";576.222179371811;-8.3005764;0.0274;0.154
"#I";576.05555287663;-6.0016527;0.0268;0.151
"#G";569.779782021089;-9.0765844;0.0297;0.213
"#B";569.126523718584;-7.3790669;0.0303;0.129
"#J";566.137792414532;-6.9910629;0.0295;0.165
"08";561.320763913112;-7.5439686;0.0276;0.157
"09";560.500669045096;-8.6109796;0.0278;0.201
"#F";558.237404694454;-6.8455614;0.0266;0.174
"#A";556.924590945668;-8.3199766;0.0392;0.207
"#D";554.098366718401;-7.9513728;0.0373;0.175
"10";554.098366718401;-8.5624791;0.0267;0.159
"05";553.881756334328;-5.9919526;0.0279;0.166
"#L";551.013611447122;-6.6709596;0.0266;0.136
"01";550.956441109458;-7.2238653;0.0292;0.174
"03";550.368058666198;-9.3384871;0.0315;0.197
"07";549.132042408745;-9.2608863;0.0273;0.134
"#E";549.003642975163;-6.76796059999999;0.0288;0.16
"#M";546.008241696039;-8.0871742;0.0276;0.169
"#H";544.753155107889;-7.5536687;0.0259;0.185
"#C";543.897968372745;-5.836751;0.0302;0.148
"02";543.890614002485;-5.5166477;0.0273;0.158
"#K";543.058007951268;-7.3790669;0.0268;0.142
"06";540.208293161073;-8.0871742;0.0281;0.173
"#I";540.059256008079;-6.3120559;0.0302;0.176
"#G";534.26959486761;-8.2326757;0.0254;0.188
"#B";533.517572344154;-7.4566677;0.0299;0.128
"#J";530.754180388624;-9.3869876;0.0352;0.171
"08";525.966728985779;-9.5130889;0.0273;0.172
"09";525.574923298287;-8.6206797;0.0279;0.196
"#F";524.106859333094;-6.8358613;0.0265;0.143
"#A";521.69723020158;-7.0880639;0.0325;0.142
"#D";519.216717758587;-7.2335654;0.0354;0.182
"10";519.216717758587;-8.358777;0.0266;0.212
"05";519.211902791144;-5.8076507;0.0265;0.172
"01";516.72526549415;NA;0.0469;0.166
"#L";516.575260731677;-7.0395634;0.0267;0.168
"03";516.163733712472;-6.9328623;0.0279;0.148
"#E";515.003883480503;-6.3411562;0.0299;0.141
"07";514.421033784584;-9.8913928;0.0274;0.188
"#H";510.756301967974;-8.4751782;0.0271;0.166
"02";510.052938428944;-7.3499666;0.0271;0.153
"#M";509.607692249636;-9.9883938;0.0357;0.182
"#K";509.116882454314;-7.4081672;0.0271;0.168
"#C";507.558863581358;-5.64274899999999;0.0298;0.121
"06";504.194406950335;-9.5712895;0.0273;0.145
"#I";504.063488064748;-5.1674441;0.0284;0.191
"#G";498.759461063146;-8.4654781;0.0258;0.144
"#B";498.525826813416;-6.5836587;0.0283;0.161
"#J";495.370568362716;-7.776771;0.0314;0.189
"08";490.612882015954;-9.8816927;0.0271;0.165
"09";490.407993409569;-8.4072775;0.0278;0.194
"#F";489.976530050165;-8.0095734;0.0313;0.171
"#A";487.462819094954;-8.2035754;0.0335;0.103
"#D";484.780362638587;-7.9416727;0.0367;0.186
"10";484.780362638587;-7.34026649999999;0.0266;0.165
"05";484.542051838641;-5.4390469;0.0281;0.13
"01";482.597140480546;-6.7970609;0.0271;0.178
"#L";482.136910016232;-7.7864711;0.0265;0.162
"03";481.959541870477;-6.70976;0.0278;0.135
"#E";480.004166648582;NA;0.0314;0.203
"07";479.710329261316;-9.5809896;0.0274;0.158
"#H";477.21797954394;-7.1365644;0.0246;0.182
"02";476.21528744886;-7.09776399999999;0.027;0.161
"#K";475.17575695736;-6.8746617;0.0268;0.202
"#M";473.207142803234;-8.7661812;0.029;0.205
"#C";471.33851953771;-5.7106497;0.0292;0.129
"06";468.180520739597;-8.9019826;0.0269;0.165
"#I";468.068371074141;-5.4778473;0.0288;0.154
"#G";463.249392876019;-8.6012795;0.0268;0.146
"#B";462.299686350748;-6.8843618;0.0291;0.196
"#J";459.986956336807;-9.4160879;0.0328;0.227
"08";456.247739720429;-9.2220859;0.0272;0.185
"09";455.482162109561;-8.48487829999999;0.0279;0.168
"#F";455.329550984779;-5.9919526;0.0299;0.178
"#A";452.11724143191;-6.3314561;0.0322;0.159
"#D";450.344312720834;-8.1744751;0.0373;0.164
"10";449.898877526939;-9.5033888;0.0268;0.198
"05";449.87220407578;-6.3508563;0.028;0.144
"#L";447.698559300787;-9.03778399999999;0.0264;0.115
"01";447.371210517619;-7.1074641;0.0302;0.196
"03";447.135326271589;-7.3208663;0.0297;0.144
"#E";446.004484282389;-7.4372675;0.0306;0.169
"07";445;-9.1250849;0.0274;0.156
"#H";442.332454156373;-5.2353448;0.0234;0.149
"02";441.548411841782;-6.6709596;0.0269;0.182
"#K";441.234631460406;-6.5933588;0.0268;0.183
"#M";436.806593356831;-9.4742885;0.0287;0.181
"#C";435;-6.8552615;0.0258;0.162
"06";432.166634528859;-8.7661812;0.0271;0.184
"#I";432.074067724505;-3.8773308;0.0263;0.165
"#B";427.307851554357;NA;0.0319;0.247
"#G";427.200187265877;-8.4945784;0.0288;0.146
"#J";424.603344310899;-8.0968743;0.0307;0.153
"08";420.894286014909;-8.552779;0.0272;0.172
"#F";420.343906819166;-6.0986537;0.0271;0.171
"09";420.315357796976;-9.0959846;0.0279;0.154
"#A";417.882758677598;NA;0.0342;0.193
"#D";415.462393003266;-8.8631822;0.0384;0.164
"10";415.462393003266;-10.0659946;0.0268;0.225
"05";415.202360301576;-5.7203498;0.028;0.195
"#L";413.260208585342;-9.4645884;0.0288;0.164
"01";413.243269757657;-6.8455614;0.03;0.151
"03";412.930986969978;-6.3023558;0.0281;0.178
"#E";412.004854340334;-8.843782;0.0286;0.166
"07";411.27241580247;-9.910793;0.0273;0.158
"#H";408.794569435554;-5.6233488;0.0281;0.156
"02";407.710681733996;-6.8455614;0.0271;0.175
"#K";407.293505963451;-9.1153848;0.0278;0.172
"#M";400.406043910428;-9.7361912;0.0314;0.136
"#C";398.779387631808;-7.4081672;0.0273;0.172
"06";396.15274831812;-10.5024991;0.0273;0.14
"#I";396.080799837609;-5.2256447;0.0273;0.17
"#G";391.689928387238;-8.48487829999999;0.0282;0.139
"#B";391.081832868774;-9.7264911;0.0317;0.208
"#J";389.219732284991;-6.8940619;0.0305;0.137
"08";385.541178086077;-8.7564811;0.0273;0.176
"09";385.389413450863;-9.1638853;0.0282;0.165
"#F";385.35827485601;-6.7970609;0.0289;0.179
"#A";382.65519727295;-6.52545809999999;0.0365;0.157
"#D";381.026245815167;-8.9310829;0.0376;0.168
"10";380.581134582365;-8.8340819;0.0268;0.215
"05";380.532521606235;-5.40024649999999;0.0282;0.198
"01";379.011873164945;-7.1462645;0.0299;0.148
"#L";378.821857869896;-9.7070909;0.029;0.147
"03";378.1071276768;-6.2926557;0.0282;0.182
"#E";377.001326257614;-9.0862845;0.0288;0.172
"07";376.563407675255;-10.3472975;0.0275;0.16
"#H";374.797278538679;-4.7794401;0.0277;0.158
"02";373.87297308043;-7.1656647;0.0311;0.158
"#K";373.352380466497;-8.3878773;0.0279;0.161
"#M";364.005494464026;-9.7749916;0.0296;0.168
"#C";362.558960722253;-7.7670709;0.0275;0.153
"06";360.138862107382;-9.9495934;0.0271;0.172
"#I";360.088877917661;-6.1762545;0.0271;0.151
"#G";356.17972991174;-7.4566677;0.024;0.179
"#B";356.089876295297;-8.1938753;0.0293;0.178
"#J";353.836120259083;-8.940783;0.033;0.17
"08";351.176593753058;-9.1250849;0.0272;0.181
"#F";350.372658750651;NA;0.0322;0.232
"09";350.222786237561;-7.8446717;0.0282;0.162
"#A";348.420722690256;-6.1665544;0.0323;0.144
"#D";346.144478505725;-8.9698833;0.0366;0.142
"10";346.144478505725;-9.8719926;0.0268;0.194
"05";345.862689517097;-5.1771442;0.028;0.161
"#L";344.383507154451;-10.3278973;0.0302;0.145
"03";343.90260249088;-7.5439686;0.0278;0.173
"01";343.786270813714;-6.8649616;0.0284;0.169
"#E";343.00145772285;-8.6109796;0.0285;0.176
"07";342.838154236077;-10.395798;0.0277;0.138
"02";340.035292285963;-6.8455614;0.0306;0.161
"#H";339.911753253694;-6.1568543;0.0259;0.17
"#K";339.411254969543;-8.0095734;0.0271;0.165
"#M";327.604945017623;-9.6585904;0.0284;0.185
"#C";326.220784132464;-8.9310829;0.0284;0.159
"06";324.124975896644;-9.6682905;0.0271;0.139
"#I";324.098750383274;-6.2344551;0.0265;0.172
"#G";320.669611906086;-7.970773;0.0232;0.179
"#B";319.864033614284;NA;0.0274;0.188
"#J";318.452508233174;-9.03778399999999;0.0318;0.171
"08";315.824318253044;-8.9213828;0.0271;0.163
"#F";315.387063780365;-6.0016527;0.0289;0.159
"09";315.296685678743;-5.9628523;0.0279;0.213
"#A";313.193231089051;-6.3993568;0.0327;0.168
"#D";311.708196876502;-10.0465944;0.036;0.21
"10";311.263553921753;-9.0765844;0.0267;0.2
"05";311.192866242142;-5.1383438;0.0244;0.166
"#L";309.945156439006;-10.0368943;0.0278;0.185
"03";309.698240227483;-8.2035754;0.0276;0.162
"01";309.65787572739;-7.0686637;0.029;0.166
"#E";309.001618118741;-8.7952815;0.0285;0.176
"07";308.131465449408;-9.5712895;0.0272;0.197
"#H";306.37395450658;-7.6312695;0.026;0.21
"#K";305.470129472589;-8.5430789;0.0289;0.175
"02";305.368629692049;-7.4566677;0.0312;0.171
"#M";291.204395571221;-9.03778399999999;0.0272;0.166
"#C";290;-8.4072775;0.0283;0.161
"#I";288.111089685906;-4.5951382;0.0259;0.192
"06";288.111089685906;-9.0474841;0.0272;0.168
"#G";285.159604432325;-8.2035754;0.0284;0.184
"#B";284.871901036238;-8.8243818;0.0311;0.206
"#J";283.068896207266;-9.2511862;0.0284;0.143
"08";280.472815081961;-9.0765844;0.0274;0.173
"#F";280.401497856199;-6.0792535;0.0298;0.167
"09";280.130326812361;-7.291766;0.0279;0.199
"#A";278.958778316797;-6.70976;0.031;0.173
"#D";276.826660565777;-8.6303798;0.0351;0.158
"10";276.826660565777;-9.2608863;0.0272;0.176
"05";276.523055096677;-5.07044309999999;0.0222;0.184
"#L";275.506805723561;-10.5315994;0.0276;0.196
"01";275.426941311122;-6.5642585;0.0283;0.134
"03";274.874516825405;-7.09776399999999;0.0275;0.18
"#E";274.001824811442;-9.1735854;0.0279;0.133
"07";273.42640691784;-9.2026857;0.0273;0.153
"#H";272.376577553945;-6.6709596;0.0249;0.186
"02";271.5308453933;-7.4372675;0.0313;0.164
"#K";271.529003975634;-8.9116827;0.0278;0.156
"#M";254.803846124818;-8.2714761;0.0268;0.177
"#C";253.779431790679;-8.358777;0.0268;0.135
"#I";252.097203475168;-5.5942485;0.0247;0.163
"06";252.097203475168;-9.7361912;0.0272;0.143
"#G";249.110417285187;-8.3975774;0.0238;0.169
"#B";248.646335183127;-6.54485829999999;0.0291;0.156
"#J";247.685284181358;-9.6973908;0.0284;0.146
"08";246.109731623924;-8.9989836;0.0279;0.181
"#F";245.415973400266;-9.0571842;0.0318;0.205
"09";245.203996704785;-7.5924691;0.0279;0.207
"#A";243.614449489352;-6.1956547;0.0311;0.146
"#D";242.390181319294;-8.7855814;0.0326;0.179
"10";241.946275028156;-6.5545584;0.027;0.191
"05";241.85326129701;-5.1286437;0.0239;0.194
"#L";241.068455008116;-9.4742885;0.0263;0.14
"03";240.669898408588;-7.6991702;0.0282;0.142
"01";240.303974166055;-6.3702565;0.0288;0.194
"#E";240.002083324291;-8.6594801;0.0274;0.135
"07";239.708155889615;-8.3975774;0.0275;0.192
"02";237.693079411244;-6.7776607;0.0313;0.185
"#K";237.58787847868;-9.6779906;0.0277;0.177
"#H";237.491052463035;-6.9134621;0.0246;0.158
"#M";218.403296678416;-9.5324891;0.0271;0.155
"#C";217.441946275322;-8.1550749;0.0257;0.137
"#I";216.083317264429;-6.4672575;0.025;0.189
"06";216.083317264429;-9.5712895;0.027;0.163
"#B";213.653925777178;-8.24237579999999;0.0314;0.222
"#G";213.600093632938;-8.2326757;0.0239;0.156
"#J";212.30167215545;-9.3190869;0.0278;0.144
"08";210.760527613688;-8.4945784;0.0275;0.178
"#F";210.430511095706;-7.5245684;0.0311;0.161
"09";210.038091783372;-7.4566677;0.0281;0.128
"#A";209.380037252838;NA;0.0369;0.173
"#D";207.95432190748;-7.970773;0.0354;0.188
"10";207.509035947835;-7.9319726;0.0269;0.185
"05";207.183493551007;-4.7115394;0.026;0.146
"#L";206.630104292671;-9.36758739999999;0.0249;0.144
"01";206.072802669348;-6.6806597;0.0289;0.155
"03";205.847030583392;-7.3014661;0.0306;0.162
"07";205.182845286832;-8.5139786;0.0272;0.148
"#E";205.002439009881;-8.9601832;0.0273;0.147
"#H";203.953426056048;-7.7282705;0.0247;0.138
"02";203.855340866998;-8.0386737;0.0308;0.144
"#K";203.646752981726;-9.9301932;0.0283;0.154
"#M";182.002747232013;-9.4063878;0.0258;0.192
"#C";181.220859726467;-7.6021692;0.0278;0.159
"#I";180.069431053691;-6.54485829999999;0.0267;0.166
"06";180.069431053691;-8.8825824;0.0262;0.152
"#G";178.08986495587;-8.3296767;0.0228;0.151
"#B";177.428858982974;-9.03778399999999;0.0274;0.172
"#J";176.918060129541;-9.2608863;0.0285;0.173
"#F";175.445148123281;-7.3305664;0.028;0.14
"08";175.41379649275;-9.8719926;0.0294;0.172
"09";175.11139311878;-8.6303798;0.0296;0.211
"#A";174.152232256724;-6.0501532;0.0338;0.17
"#D";173.072239252862;-8.3393768;0.034;0.161
"10";172.629661414254;-9.3384871;0.0269;0.156
"05";172.513767566534;-5.6718493;0.0268;0.165
"#L";172.191753577226;-9.7458913;0.0255;0.183
"01";171.944758570885;-6.4866577;0.0294;0.164
"03";171.642069435206;-7.6409696;0.0286;0.179
"#E";171.00292395161;-8.7176807;0.0274;0.139
"07";170.657551839935;-8.8340819;0.0274;0.171
"#H";169.955876626847;-7.1365644;0.0242;0.171
"#K";169.705627484771;-9.6294901;0.0273;0.159
"02";169.189243156886;-7.9610729;0.0308;0.182
"#M";145.60219778561;-9.4936887;0.0267;0.129
"#C";145;-7.9028723;0.0287;0.157
"#I";144.055544842953;NA;0.0268;0.197
"06";144.055544842953;-9.0668843;0.0259;0.152
"#G";142.579802216162;-8.6012795;0.0221;0.182
"#B";142.435950518119;-9.0571842;0.0295;0.171
"#J";141.534448103633;-9.1735854;0.0286;0.154
"08";141.056726177804;-9.2802865;0.0293;0.206
"09";139.946418317869;-7.3790669;0.028;0.167
"#F";139.942845476287;-6.8552615;0.0278;0.161
"#A";139.917833030676;-5.8270509;0.0324;0.168
"#D";138.636214604987;-7.2335654;0.0346;0.153
"10";138.19189556555;-9.2220859;0.0272;0.201
"05";137.844114854425;-6.4866577;0.0265;0.172
"#L";137.753402861781;-9.7652915;0.0263;0.169
"03";137.437258412703;-8.0095734;0.0329;0.153
"07";137.116738584317;-8.8631822;0.0272;0.181
"#E";137.003649586425;-8.7564811;0.03;0.196
"01";136.718689285701;-6.1083538;0.03;0.154
"#K";135.764501987817;-8.9213828;0.0262;0.155
"#H";135.532283976918;-7.000763;0.0247;0.172
"02";135.351394525509;-8.4363778;0.03;0.142
"#M";109.201648339208;-9.4742885;0.027;0.145
"#C";108.664621657649;-7.9416727;0.0289;0.158
"#I";108.041658632215;-6.5351582;0.0256;0.168
"06";108.041658632215;-8.8825824;0.0268;0.155
"#G";107.070070514593;-8.4363778;0.0226;0.179
"#B";106.212052046837;-8.1938753;0.0305;0.161
"#J";106.150836077725;-9.4645884;0.0288;0.166
"08";105.54619841567;-8.8922825;0.0288;0.167
"#F";105.475115548645;-6.8843618;0.0279;0.158
"09";105.019045891686;NA;0.0291;0.319
"#A";104.690018626419;NA;0.0376;0.227
"#D";103.754517973918;-7.7088703;0.0344;0.167
"10";103.754517973918;-9.9689936;0.0279;0.172
"#L";103.315052146335;-9.4451882;0.0261;0.143
"05";103.174609279609;-5.97255239999999;0.0277;0.314
"03";102.615788258922;-8.0871742;0.034;0.171
"01";102.591422643416;-6.6709596;0.0297;0.147
"07";102.591422643416;-8.8728823;0.0274;0.145
"#E";102;-8.6885804;0.0285;0.158
"#K";101.823376490863;-9.0474841;0.0271;0.144
"#H";101.533245786787;-7.3111662;0.0239;0.168
"02";101.513545894132;-8.7176807;0.0299;0.197
"#M";72.8010988928052;-8.5915794;0.0262;0.154
"#C";72.4430811050993;-7.2044651;0.0283;0.12
"#I";72.0277724214764;-6.0695534;0.0257;0.14
"06";72.0277724214764;-8.5042785;0.0269;0.185
"#B";71.2179752590594;-9.231786;0.0346;0.171
"#G";71.0211236182588;-8.64978;0.0207;0.196
"#J";70.7672240518165;-9.6488903;0.0292;0.185
"#A";70.4556598152341;-6.5060579;0.0318;0.142
"08";70.0357051795725;-8.7079806;0.0282;0.18
"#F";69.9714227381436;-7.388767;0.0305;0.159
"09";69.8569967862919;-9.3966877;0.0274;0.158
"#D";69.3181073024935;-7.2141652;0.0336;0.17
"#L";68.8767014308903;-9.4160879;0.0259;0.14
"10";68.8767014308903;-9.8428923;0.0269;0.188
"05";68.5054742338158;-5.8173508;0.0284;0.219
"03";68.4105255059483;-8.1938753;0.0353;0.163
"01";68.3593446428504;-6.6321592;0.029;0.174
"07";68.0661443009665;-9.0862845;0.0271;0.161
"#E";68;-8.2908763;0.0284;0.142
"#K";67.8822509939086;-9.1541852;0.0272;0.151
"02";67.6756972627545;-8.9989836;0.0303;0.142
"#H";67.5351760196122;-8.552779;0.0246;0.191
"#M";36.4005494464026;-9.7555914;0.0265;0.177
"#C";36.1247837363769;-8.8243818;0.0293;0.157
"#G";36.0555127546399;-8.9019826;0.0206;0.164
"#I";36.0138862107382;-6.1568543;0.0261;0.158
"06";36.0138862107382;-8.6400799;0.0267;0.167
"#B";35.6089876295297;-8.5333788;0.0312;0.179
"#F";35.5105618091294;-7.1462645;0.0293;0.172
"08";35.5105618091294;-8.7370809;0.0272;0.187
"#J";35.3836120259083;-9.134785;0.0293;0.144
"#A";35.1283361405006;-6.4866577;0.0328;0.165
"09";34.7131099154196;-9.134785;0.0267;0.186
"07";34.5253530032641;-8.6400799;0.0274;0.184
"#D";34.4383507154451;-6.9134621;0.032;0.174
"#L";34.4383507154451;-9.3481872;0.0263;0.154
"10";34.0147027033899;-10.007794;0.029;0.16
"#K";33.9411254969543;-9.1444851;0.0267;0.163
"05";33.8378486313773;-6.3896567;0.0284;0.175
"03";33.6005952328229;-7.9610729;0.0309;0.17
"01";33.2415402771893;-8.9795834;0.0296;0.229
"#H";33.1209903233584;-8.9213828;0.0255;0.13
"02";33.0151480384384;-7.5633688;0.0296;0.192
"#E";33;-8.1744751;0.0287;0.17
"#A";0;-6.3896567;0.0334;0.169
"#B";0;-8.940783;0.0318;0.158
"#C";0;-9.1056847;0.0302;0.16
"#D";0;-7.7476707;0.0335;0.159
"#E";0;-8.4460779;0.0279;0.171
"#F";0;-9.4451882;0.053;0.203
"#G";0;-9.4451882;0.0224;0.176
"#H";0;-8.5236787;0.0252;0.14
"#I";0;-6.3993568;0.0261;0.145
"#J";0;-7.4469676;0.033;0.191
"#K";0;-9.0668843;0.0268;0.16
"#L";0;-8.7855814;0.0257;0.153
"#M";0;-9.3384871;0.0276;0.159
"01";0;-8.3684771;0.0305;0.132
"02";0;-8.552779;0.0301;0.155
"03";0;-7.7864711;0.0285;0.18
"05";0;-6.5642585;0.0284;0.16
"06";0;-8.64978;0.0259;0.174
"07";0;-9.0280839;0.0271;0.156
"08";0;-8.2035754;0.0277;0.127
"09";0;-9.2996867;0.0267;0.187
"10";0;-9.1541852;0.0268;0.221
"#O";2214.3046312556;-8.5818793;0.0269;0.21
"#O";2177.43358107658;-8.7273808;0.0276;0.2
"#O";2141.83402718325;-6.0695534;0.0255;0.22
"#O";2105.59872720326;-4.8085404;0.0262;0.2
"#O";2069.36342869009;-8.5624791;0.0257;0.19
"#O";2033.12813172215;-5.4196467;0.0244;0.18
"#O";1997.52897350702;-5.7203498;0.0264;0.22
"#P";1994.64934261639;-8.1453748;0.0275;0.19
"#O";1961.2937056953;-5.7300499;0.0269;0.18
"#P";1959.14190399777;-7.5924691;0.0273;0.17
"#O";1925.05844067135;-7.5536687;0.0254;0.19
"#P";1922.78261901859;-7.2820659;0.0258;0.17
"#O";1889.45971113438;-7.582769;0.0265;0.19
"#P";1887.27528463656;-5.0316427;0.0259;0.15
"#O";1853.22448721141;-4.2653348;0.0242;0.16
"#P";1851.76807403087;-6.1859546;0.0258;0.19
"#O";1816.98926799252;-7.7864711;0.0236;0.18
"#P";1815.40876939603;-7.1074641;0.0253;0.2
"#O";1780.75405376487;-8.4363778;0.0254;0.19
"#P";1779.90168267801;-3.4214261;0.0253;0.21
"#O";1745.15586696432;-5.8755514;0.0254;0.21
"#P";1744.3947374376;-6.3508563;0.0225;0.17
"#N";1727.56736482257;-8.48487829999999;0.0248;0.16
"#O";1708.9207120285;-7.3984671;0.0254;0.2
"#P";1708.03542117838;-7.8931722;0.0248;0.19
"#N";1692.91346500641;-8.6303798;0.0238;0.14
"#O";1672.6855651915;-7.67977;0.0244;0.2
"#P";1672.5286245682;-6.5739586;0.0233;0.16
"#N";1658.25962985294;-8.7758813;0.0244;0.18
"#O";1637.08796342774;-8.4266777;0.0234;0.17
"#P";1636.16930664281;-6.21505489999999;0.0233;0.17
"#N";1622.89155521865;-4.9443418;0.0246;0.14
"#R";1604.7386079982;-6.3702565;0.0257;0.19
"#O";1600.85289767674;-8.1065744;0.0236;0.2
"#P";1600.66267526921;-6.9134621;0.0241;0.2
"#N";1588.23801742686;-5.836751;0.0253;0.18
"#R";1570.21336129839;-7.8834721;0.0264;0.18
"#P";1565.1562222347;-7.9028723;0.0262;0.11
"#O";1564.6178447148;-7.485768;0.0244;0.18
"#N";1553.58456480489;-7.91257239999999;0.0275;0.19
"#R";1534.70290284472;-8.3296767;0.0274;0.19
"#P";1528.79691260808;-8.4751782;0.0289;0.17
"#O";1528.38280545157;-6.418757;0.0243;0.16
"#N";1518.93120318203;-8.7564811;0.0267;0.2
"#Q";1504.48296766697;-6.7388603;0.0253;0.18
"#R";1500.1776561461;-10.1532955;0.025;0.21
"#P";1493.29066159271;-7.9513728;0.026;0.18
"#O";1492.78598600067;-5.3420459;0.0258;0.19
"#N";1483.56462616227;-7.7573708;0.0279;0.19
"#Q";1468.08719087117;-9.0183838;0.0249;0.19
"#R";1464.66719769373;-8.9795834;0.0263;0.16
"#P";1457.78462058015;-6.4963578;0.0287;0.19
"#O";1456.55106329988;-5.2644451;0.0263;0.15
"#N";1448.91166052317;-5.8464511;0.0261;0.14
"#Q";1434.48701632326;-8.7758813;0.0241;0.14
"#R";1430.14195099647;-8.8146817;0.0278;0.17
"#P";1421.425340987;-6.7776607;0.0261;0.15
"#T";1421.31945740569;-7.3014661;0.0269;0.15
"#O";1420.31616198648;-6.321756;0.0239;0.19
"#N";1414.25881648304;-4.9831422;0.0283;0.15
"#Q";1398.68259444379;-8.7758813;0.0237;0.19
"#R";1395.6167095589;-5.5166477;0.0264;0.18
"#T";1386.9149216877;-9.8234921;0.0248;0.15
"#P";1385.91955033472;-7.3111662;0.0258;0.17
"#O";1384.72018834131;-6.8940619;0.0239;0.19
"#N";1379.60610320482;-6.6515594;0.0272;0.16
"#Q";1363.68471429433;-8.7661812;0.0243;0.18
"#R";1360.10624584993;-6.9716627;0.0262;0.15
"#T";1353.0779726239;-8.5430789;0.0258;0.17
"#P";1350.41401059083;-7.9513728;0.0279;0.22
"#O";1348.4854467142;-6.9425624;0.0229;0.16
"#N";1344.95353079577;-7.7864711;0.0281;0.23
"#S";1335.79676597902;-8.5624791;0.0293;0.18
"#Q";1329.27799951703;-6.6321592;0.026;0.22
"#R";1325.5810046919;-6.9425624;0.025;0.2
"#T";1318.6735759846;-8.2326757;0.0274;0.18
"#P";1314.05479337811;-8.3684771;0.0277;0.2
"#O";1312.25073823565;-7.1268643;0.0245;0.16
"#N";1309.5892485814;-7.0298633;0.029;0.17
"#S";1299.74189745503;-4.9055414;0.0273;0.2
"#Q";1294.28010878635;-5.9531522;0.0254;0.18
"#R";1290.07054070698;-8.4363778;0.0258;0.16
"#T";1284.26944213432;-5.5360479;0.0305;0.19
"#P";1278.54956884745;-8.7758813;0.0278;0.2
"#O";1276.01606572958;-7.9901732;0.025;0.19
"#N";1274.93725335798;-4.7115394;0.0287;0.17
"#S";1263.68706569309;-5.0995434;0.0283;0.17
"#Q";1259.28233530055;-6.4963578;0.0256;0.18
"#R";1255.54529985979;-9.0959846;0.0255;0.2
"#T";1250.43232523796;-6.54485829999999;0.029;0.19
"#P";1243.04464923831;-7.1656647;0.0262;0.2
"#O";1240.42129939791;-8.8825824;0.0288;0.17
"#N";1240.28545101521;-8.3005764;0.0264;0.2
"#S";1227.63227393222;-5.9046517;0.0271;0.17
"#Q";1224.28468911442;-7.09776399999999;0.0248;0.14
"#R";1221.02006535519;-8.5236787;0.0278;0.2
"#T";1216.02837137955;-8.6109796;0.0277;0.16
"#P";1206.68554313044;-7.4760679;0.0266;0.18
"#N";1205.63385818415;-8.5721792;0.0283;0.19
"#O";1204.18686257574;-8.455778;0.0287;0.2
"#S";1191.5775258035;-6.5545584;0.0277;0.2
"#Q";1189.07106600068;-8.5236787;0.0251;0.21
"#R";1185.50959506872;-8.0289736;0.0279;0.19
"#T";1181.624728922;-8.8340819;0.0264;0.16
"#P";1171.1810278518;-9.231786;0.0286;0.18
"#N";1170.27219056081;-7.5730689;0.0294;0.18
"#O";1167.95248191012;-5.7494501;0.0248;0.2
"#S";1155.1839680328;-6.3120559;0.029;0.2
"#Q";1154.07322124725;-9.425788;0.0256;0.19
"#R";1150.98436131861;-6.76796059999999;0.0309;0.18
"#T";1147.78743676693;-7.7088703;0.0299;0.21
"#N";1135.62141578961;-5.9434521;0.0287;0.17
"#P";1134.82201247597;-8.067774;0.0298;0.17
"#O";1132.35904200037;-7.2529656;0.0293;0.18
"#S";1119.12912570445;-5.8173508;0.0278;0.14
"#Q";1119.07551130386;-8.5042785;0.0242;0.19
"#R";1116.45913494404;-6.4090569;0.0298;0.17
"#T";1113.38403078183;-6.7582605;0.029;0.16
"#N";1100.26633139436;-8.1259746;0.0274;0.23
"#P";1099.31797037982;-7.7185704;0.0294;0.19
"#O";1096.12499287262;-7.3790669;0.0298;0.2
"#Q";1084.6686129874;-8.3005764;0.0253;0.16
"#S";1083.07432801263;-4.8085404;0.0277;0.18
"#R";1080.94865743013;-6.903762;0.0288;0.15
"#T";1078.98100075951;-5.9046517;0.0303;0.15
"#N";1064.91126390888;-8.3199766;0.027;0.18
"#P";1063.81436350521;-7.3111662;0.03;0.2
"#O";1059.89103213491;-6.8649616;0.0299;0.21
"#Q";1049.67090080653;-5.9919526;0.0259;0.17
"#S";1047.0195795686;-4.4496367;0.0275;0.18
"#R";1046.42343245935;-7.000763;0.0287;0.17
"#T";1045.14353081287;-5.4099466;0.028;0.19
"#N";1029.55621507521;-7.3499666;0.0284;0.18
"#P";1027.45559514755;-6.903762;0.0281;0.2
"#O";1023.65716917335;-7.3014661;0.0282;0.19
"#Q";1014.67334645195;-7.6312695;0.0265;0.15
"#S";1010.96488564144;-4.672739;0.0312;0.16
"#R";1010.91295372055;-8.4363778;0.032;0.19
"#T";1010.74081742057;-6.1665544;0.0291;0.18
"#N";993.491318532779;-7.0589636;0.0264;0.2
"#P";991.95261983625;-8.1162745;0.026;0.18
"#O";988.065787283418;-6.8746617;0.0286;0.2
"#Q";978.868734815859;-8.358777;0.0263;0.2
"#R";976.387730361254;-7.6894701;0.0311;0.2
"#T";976.338568325558;-7.7864711;0.0305;0.15
"#S";974.571187753876;-6.7291602;0.0307;0.14
"#N";958.136211610854;-8.3490769;0.0275;0.18
"#P";956.450207799653;-8.552779;0.0278;0.19
"#O";951.832443237779;-8.7370809;0.0275;0.16
"#Q";944.46175147541;-8.7370809;0.0259;0.17
"#T";942.500928381506;-7.5148683;0.0315;0.18
"#R";941.862516506523;-8.455778;0.0312;0.21
"#S";938.516382382322;-7.0492635;0.0306;0.15
"#N";922.781122477048;-8.6885804;0.0269;0.18
"#P";920.091843241749;-8.9601832;0.0297;0.19
"#O";916.365101910805;-7.7185704;0.0281;0.18
"#Q";909.464127934687;-8.7079806;0.0262;0.18
"#T";908.099113533319;-8.5139786;0.0304;0.16
"#R";906.352028739386;-9.3384871;0.0304;0.16
"#S";902.461633533526;-6.8940619;0.032;0.2
"#N";887.426053257397;-7.8640719;0.0273;0.21
"#P";884.590300647707;-8.5915794;0.0313;0.18
"#O";881.540696734983;-7.9901732;0.0274;0.17
"#Q";874.466694620212;-8.6206797;0.0271;0.2
"#T";873.697888288624;-8.4266777;0.029;0.18
"#R";871.826817665068;-8.3296767;0.0305;0.19
"#S";866.406948263921;-7.7573708;0.0331;0.17
"#N";852.071006430802;-8.0871742;0.0273;0.2
"#P";849.089512360152;-7.7185704;0.0287;0.16
"#O";846.073282878026;-7.7670709;0.0272;0.17
"#Q";840.059521700695;-8.746781;0.0269;0.19
"#T";839.860107398845;-8.1938753;0.0315;0.19
"#R";836.316327713384;-7.9222725;0.0325;0.18
"#S";830.352334855512;-4.7212395;0.0318;0.2
"#N";816.006127427975;-8.455778;0.0275;0.18
"#P";812.731813084735;-7.6603698;0.0301;0.21
"#O";810.605946190873;-5.8852515;0.0256;0.19
"#T";805.459496188356;-7.3014661;0.0311;0.19
"#Q";804.254934706651;-8.2714761;0.0269;0.2
"#R";801.791119930871;-7.5924691;0.0319;0.2
"#S";793.958437199329;-5.3129456;0.0323;0.18
"#N";780.651010375315;-8.6691802;0.0283;0.16
"#P";777.232269016155;-7.5536687;0.0322;0.16
"#O";775.138697266496;-7.582769;0.0297;0.19
"#T";771.621668954417;-6.4478573;0.0297;0.16
"#Q";769.257434153223;-7.8058713;0.0283;0.19
"#R";767.265925217587;-5.3420459;0.0327;0.18
"#S";757.90368781264;-5.1286437;0.0325;0.18
"#N";745.295914385689;-7.2335654;0.0284;0.22
"#P";741.733779735021;-7.776771;0.03;0.15
"#O";740.314122518273;-8.8534821;0.0298;0.16
"#T";736.394595308792;-5.6815494;0.0317;0.16
"#Q";734.850324896165;-7.194765;0.028;0.18
"#R";731.755423621855;-6.1083538;0.0318;0.15
"#S";721.849014683819;-6.1956547;0.0329;0.14
"#N";709.940842605917;-6.78736079999999;0.0284;0.16
"#P";705.377204054682;-9.36758739999999;0.0271;0.14
"#O";704.84679186331;-6.9619626;0.0289;0.23
"#T";701.167597654084;-6.6224591;0.0314;0.19
"#Q";699.852841674591;-6.5739586;0.0275;0.16
"#R";697.230234571049;-7.8931722;0.0319;0.19
"#S";685.794429840313;-6.2344551;0.0324;0.17
"#N";673.876101371758;-8.5721792;0.0305;0.17
"#P";669.880586373422;-9.36758739999999;0.0271;0.15
"#O";669.379563476508;-6.7970609;0.0299;0.18
"#T";665.940688049619;-6.8940619;0.0315;0.14
"#Q";664.855623425116;-7.91257239999999;0.0271;0.17
"#R";661.719729190539;-7.6603698;0.0324;0.15
"#S";649.73994797919;-7.1559646;0.0333;0.18
"#N";638.520947189675;-8.1841752;0.0293;0.14
"#P";634.895266953535;-9.4645884;0.0291;0.21
"#O";634.554962158519;-7.2335654;0.0304;0.2
"#T";631.27569254645;-7.1656647;0.0308;0.19
"#Q";629.858714316155;-8.9989836;0.0309;0.2
"#R";627.194547170174;-8.6206797;0.0323;0.15
"#S";613.685587251322;-7.9222725;0.0313;0.16
"#N";603.16581468117;-8.7758813;0.0289;0.22
"#O";599.087639665517;-8.1938753;0.0299;0.16
"#P";599.050081378844;-9.3093868;0.0308;0.17
"#T";596.048655732064;-8.1841752;0.0292;0.18
"#Q";594.643590733138;-9.1638853;0.0299;0.18
"#R";592.669385070631;-9.0086837;0.0322;0.16
"#S";577.29108775383;-9.3093868;0.0352;0.21
"#N";567.810707894805;-9.4354881;0.0294;0.24
"#P";564.064712599539;-8.3199766;0.0297;0.19
"#O";563.620439657754;-8.7079806;0.0305;0.17
"#T";560.82171855234;-8.7564811;0.0314;0.2
"#Q";559.646316882368;-9.5615894;0.0314;0.2
"#R";557.158864238917;-9.6973908;0.0318;0.17
"#S";541.236547176925;-7.6506697;0.0328;0.19
"#N";532.455631954438;-8.2035754;0.0296;0.2
"#P";528.219651281548;-7.5536687;0.0295;0.13
"#O";528.153386811067;-8.9213828;0.0298;0.18
"#T";526.156820729334;-8.9310829;0.0322;0.15
"#Q";524.64940674702;-10.9390036;0.0335;0.17
"#R";522.633714947668;-9.7361912;0.0336;0.2
"#S";505.182145369371;-8.3199766;0.0341;0.17
"#N";496.390974938103;-9.0571842;0.0314;0.17
"#O";493.328490967226;-9.2123858;0.0305;0.18
"#P";493.234224278892;-7.7476707;0.0305;0.15
"#T";490.929730205862;-8.9795834;0.0321;0.18
"#Q";490.241777085552;-11.2979073;0.0337;0.15
"#R";488.108594474631;-9.7361912;0.0363;0.18
"#S";469.127914326146;-8.3490769;0.033;0.2
"#N";461.035790367733;-8.5236787;0.0307;0.16
"#P";458.248840696842;-9.2996867;0.0323;0.17
"#O";457.861332719853;-9.134785;0.0298;0.21
"#T";455.702753996506;-8.8243818;0.0342;0.17
"#Q";455.244988989445;-10.8517027;0.033;0.17
"#R";452.598055674127;-10.7741019;0.0371;0.2
"#S";433.073896696626;-9.4354881;0.0357;0.16
"#N";425.680631459783;-6.7582605;0.0299;0.18
"#P";422.403835209862;-8.940783;0.0303;0.16
"#O";422.394365492723;-8.8340819;0.029;0.19
"#T";421.038003035355;-8.9601832;0.0373;0.21
"#Q";419.440102994456;-9.5518893;0.0312;0.16
"#R";418.072960139734;-10.9390036;0.0354;0.19
"#S";396.678711301728;-8.1356747;0.0305;0.16
"#N";390.325505187657;-8.843782;0.0321;0.16
"#O";387.569348633248;-8.0968743;0.0287;0.16
"#P";387.418378500556;-9.93989329999999;0.0342;0.15
"#T";385.810834477209;-9.1735854;0.0334;0.18
"#Q";384.44375401351;-10.2308963;0.0346;0.17
"#R";382.562413208616;-9.4354881;0.035;0.17
"#S";360.624458405139;-9.522789;0.0327;0.2
"#N";354.261203069148;-8.8534821;0.0347;0.16
"#P";352.432972350772;-9.6391902;0.0344;0.17
"#O";352.102257874044;-9.4839886;0.0295;0.18
"#T";350.583798827042;-10.1144951;0.035;0.17
"#Q";350.035712463743;-9.7070909;0.0283;0.17
"#R";348.037354317033;NA;0.0375;0.21
"#S";324.570485411105;-9.0765844;0.0329;0.18
"#N";318.905942246299;-8.5721792;0.0323;0.21
"#O";316.635437056562;-9.5712895;0.0292;0.21
"#P";316.588060419214;-8.9213828;0.0352;0.2
"#T";315.919293491233;-11.2300066;0.0363;0.17
"#Q";315.039680040467;-10.2599966;0.0308;0.16
"#R";313.512360202911;-9.0474841;0.032;0.19
"#S";288.516897252137;-10.5606997;0.0362;0.15
"#N";283.550700933713;-8.8825824;0.0326;0.16
"#P";281.602556806574;-10.2696967;0.0377;0.2
"#O";281.16898833264;-8.7564811;0.0291;0.19
"#T";280.69200202357;-12.2291169;0.0363;0.17
"#Q";280.044639298809;-10.007794;0.0299;0.18
"#R";278.001798555333;-9.5906897;0.0324;0.19
"#S";252.463858799631;-9.9689936;0.0322;0.16
"#N";248.195487469051;-10.4442985;0.0327;0.16
"#P";246.617112139446;-8.7661812;0.0344;0.21
"#O";246.343256453267;-9.5421892;0.0291;0.14
"#Q";245.63590942694;-9.8719926;0.0304;0.2
"#T";245.464865102931;-8.8728823;0.0318;0.16
"#R";243.476898288113;-9.7458913;0.0313;0.15
"#S";216.067119201419;-9.2705864;0.0339;0.18
"#N";212.840315729892;-10.4830989;0.0308;0.19
"#O";210.87674124948;-8.6982805;0.0287;0.14
"#T";210.800853888214;-8.6982805;0.0332;0.19
"#P";210.77238908358;NA;0.0428;0.36
"#Q";209.830884285417;-9.7070909;0.0301;0.17
"#R";207.966343430854;-9.0668843;0.032;0.2
"#S";180.013888353093;-9.9204931;0.0348;0.16
"#N";176.776695296637;NA;0.101;0.29
"#P";175.786802690077;NA;0.039;0.36
"#T";175.573346496557;-8.261776;0.0316;0.2
"#O";175.410946066658;-8.9504831;0.0291;0.19
"#Q";174.837067008115;-9.8040919;0.0295;0.19
"#R";173.441632833642;NA;0.0362;0.16
"#S";143.96180048888;-9.9786937;0.0349;0.16
"#N";141.42135623731;-9.2608863;0.0283;0.18
"#T";140.911319630468;-7.9998733;0.0285;0.18
"#P";140.801278403287;-8.5430789;0.0296;0.17
"#O";140.58449416632;-9.4645884;0.0296;0.17
"#Q";140.427917452336;-9.9592935;0.0298;0.17
"#R";138.9172415505;-8.9310829;0.0316;0.15
"#S";107.912001186152;-9.0086837;0.033;0.18
"#N";106.066017177982;-9.522789;0.0303;0.17
"#T";105.683489722851;-8.552779;0.0287;0.16
"#Q";105.437185091409;-10.1338953;0.0311;0.18
"#O";105.118980208143;-9.36758739999999;0.0299;0.18
"#P";104.957134107215;-8.8243818;0.029;0.18
"#R";103.40696301507;-9.1444851;0.0327;0.19
"#S";71.8679344353238;-7.4372675;0.0303;0.18
"#N";70.7106781186548;-10.201796;0.0312;0.16
"#Q";70.4556598152341;-10.3569976;0.0319;0.13
"#T";70.4556598152341;-8.3684771;0.0285;0.14
"#P";69.9714227381436;-8.8631822;0.0278;0.15
"#O";69.656299069072;-9.4063878;0.0297;0.16
"#R";68.8839603971781;-9.0086837;0.0299;0.18
"#S";35.4682957019364;-7.1365644;0.0306;0.19
"#N";35.3553390593274;-10.2211962;0.031;0.15
"#Q";35.2278299076171;-10.4345984;0.032;0.14
"#T";35.2278299076171;-9.4063878;0.0288;0.17
"#P";34.9857113690718;-9.4063878;0.0275;0.14
"#O";34.828149534536;-9.6003898;0.0293;0.21
"#R";34.3656805548792;-9.2996867;0.0302;0.21
"#N";0;-9.6391902;0.0274;0.18
"#O";0;-8.358777;0.029;0.21
"#P";0;-9.1541852;0.0308;0.17
"#Q";0;-10.298797;0.0313;0.17
"#R";0;-9.3869876;0.0299;0.16
"#S";0;-7.8252715;0.0323;0.15
"#T";0;-9.4548883;0.0298;0.22
