"ID";"Distance_um";"d18O";"OH";"SE_permil"
"#O";1897.67779140717;-8.5818793;0.0269;0.21
"#P";1889.69891781733;-8.1453748;0.0275;0.19
"#O";1860.80762036273;-8.7273808;0.0276;0.2
"#P";1854.19119833959;-7.5924691;0.0273;0.17
"#O";1825.20711153556;-6.0695534;0.0255;0.22
"#P";1817.83195042886;-7.2820659;0.0258;0.17
"#O";1788.97177171693;-4.8085404;0.0262;0.2
"#P";1782.324325144;-5.0316427;0.0259;0.15
"#O";1752.73643198286;-8.5624791;0.0257;0.19
"#P";1746.8168192458;-6.1859546;0.0258;0.19
"#O";1716.50109233871;-5.4196467;0.0244;0.18
"#P";1710.45754112752;-7.1074641;0.0253;0.2
"#O";1680.90094889616;-5.7203498;0.0264;0.22
"#P";1674.95014851189;-3.4214261;0.0253;0.21
"#N";1656.86118911634;-8.48487829999999;0.0248;0.16
"#O";1644.66561951054;-5.7300499;0.0269;0.18
"#P";1639.44289318049;-6.3508563;0.0225;0.17
"#N";1622.20713843825;-8.6303798;0.0238;0.14
"#O";1608.43029068717;-7.5536687;0.0254;0.19
"#P";1603.08359108313;-7.8931722;0.0248;0.19
"#N";1587.5531487166;-8.7758813;0.0244;0.18
"#O";1572.83056938756;-7.582769;0.0265;0.19
"#P";1567.57647341366;-6.5739586;0.0233;0.16
"#N";1552.18458953824;-4.9443418;0.0246;0.14
"#O";1536.59526226004;-4.2653348;0.0242;0.16
"#P";1531.21716291322;-6.21505489999999;0.0233;0.17
"#N";1517.53088930671;-5.836751;0.0253;0.18
"#R";1501.33440645314;-6.3702565;0.0257;0.19
"#O";1500.35995681036;-7.7864711;0.0236;0.18
"#P";1495.71019920304;-6.9134621;0.0241;0.2
"#N";1482.87727071393;-7.91257239999999;0.0275;0.19
"#R";1466.80912186965;-7.8834721;0.0264;0.18
"#O";1464.12465316311;-8.4363778;0.0254;0.19
"#P";1460.20341048773;-7.9028723;0.0262;0.11
"#N";1448.22373962037;-8.7564811;0.0267;0.2
"#Q";1434.05892487024;-6.7388603;0.0253;0.18
"#R";1431.29871096148;-8.3296767;0.0274;0.19
"#O";1428.52546354624;-5.8755514;0.0254;0.21
"#P";1423.84409258879;-8.4751782;0.0289;0.17
"#N";1412.85668062971;-7.7573708;0.0279;0.19
"#Q";1397.6623340421;-9.0183838;0.0249;0.19
"#R";1396.77342471855;-10.1532955;0.025;0.21
"#O";1392.29019963512;-7.3984671;0.0254;0.2
"#P";1388.33749499176;-7.9513728;0.026;0.18
"#N";1378.20354084584;-5.8464511;0.0261;0.14
"#Q";1364.06194873987;-8.7758813;0.0241;0.14
"#R";1361.26301646669;-8.9795834;0.0263;0.16
"#O";1356.05493988997;-7.67977;0.0244;0.2
"#P";1352.83110549691;-6.4963578;0.0287;0.19
"#N";1343.55052007731;-4.9831422;0.0283;0.15
"#Q";1328.25788158776;-8.7758813;0.0237;0.19
"#R";1326.73772841508;-8.8146817;0.0278;0.17
"#O";1320.45636050572;-8.4266777;0.0234;0.17
"#P";1316.47179992585;-6.7776607;0.0261;0.15
"#N";1308.8976277769;-6.6515594;0.0272;0.16
"#Q";1293.25944806137;-8.7661812;0.0243;0.18
"#R";1292.21244383422;-5.5166477;0.0264;0.18
"#O";1284.22116475317;-8.1065744;0.0236;0.2
"#P";1280.96565137399;-7.3111662;0.0258;0.17
"#T";1280.40813805599;-7.3014661;0.0269;0.15
"#N";1274.24487442563;-7.7864711;0.0281;0.23
"#Q";1258.85344659337;-6.6321592;0.026;0.22
"#R";1256.70203310093;-6.9716627;0.0262;0.15
"#O";1247.98597748532;-7.485768;0.0244;0.18
"#T";1246.00361155175;-9.8234921;0.0248;0.15
"#P";1245.4597544682;-7.9513728;0.0279;0.22
"#N";1238.88013948081;-7.0298633;0.029;0.17
"#Q";1223.85497506853;-5.9531522;0.0254;0.18
"#R";1222.17674662874;-6.9425624;0.025;0.2
"#T";1212.16665520876;-8.5430789;0.0258;0.17
"#O";1211.75079946332;-6.418757;0.0243;0.16
"#P";1209.10049210146;-8.3684771;0.0277;0.2
"#N";1204.22796845116;-4.7115394;0.0287;0.17
"#Q";1188.85659353851;-6.4963578;0.0256;0.18
"#R";1186.66633895127;-8.4363778;0.0258;0.16
"#T";1177.76228501341;-8.2326757;0.0274;0.18
"#O";1176.15305126501;-5.3420459;0.0258;0.19
"#P";1173.59490455608;-8.7758813;0.0278;0.2
"#N";1169.57599154565;-8.3005764;0.0264;0.2
"#Q";1153.85831019237;-7.09776399999999;0.0248;0.14
"#R";1152.1410503927;-9.0959846;0.0255;0.2
"#T";1143.3582115855;-5.5360479;0.0305;0.19
"#O";1139.91797950554;-5.2644451;0.0263;0.15
"#P";1138.08962740199;-7.1656647;0.0262;0.2
"#N";1134.92422654554;-8.5721792;0.0283;0.19
"#S";1119.73211081937;-8.5624791;0.0293;0.18
"#Q";1118.64650359262;-8.5236787;0.0251;0.21
"#R";1117.61576581578;-8.5236787;0.0278;0.2
"#T";1109.52106784865;-6.54485829999999;0.029;0.19
"#O";1103.68292548177;-6.321756;0.0239;0.19
"#P";1101.73045705381;-7.4760679;0.0266;0.18
"#N";1099.56218559934;-7.5730689;0.0294;0.18
"#S";1083.67707367093;-4.9055414;0.0273;0.2
"#Q";1083.64800558115;-9.425788;0.0256;0.19
"#R";1082.10535531435;-8.0289736;0.0279;0.19
"#T";1075.11720291325;-8.6109796;0.0277;0.16
"#O";1068.08613884836;-6.8940619;0.0239;0.19
"#P";1066.22558588696;-9.231786;0.0286;0.18
"#N";1064.91126390888;-5.9434521;0.0287;0.17
"#Q";1048.64960782904;-8.5042785;0.0242;0.19
"#S";1047.62206925971;-5.0995434;0.0283;0.17
"#R";1047.58006853892;-6.76796059999999;0.0309;0.18
"#T";1040.71369742115;-8.8340819;0.0264;0.16
"#O";1031.85124896954;-6.9425624;0.0229;0.16
"#P";1029.8664962023;-8.067774;0.0298;0.17
"#N";1029.55621507521;-8.1259746;0.0274;0.23
"#Q";1014.24356049225;-8.3005764;0.0253;0.16
"#R";1013.05478627762;-6.4090569;0.0298;0.17
"#S";1011.56710108623;-5.9046517;0.0271;0.17
"#T";1006.87635785135;-7.7088703;0.0299;0.21
"#O";995.616391990409;-7.1268643;0.0245;0.16
"#P";994.362107081721;-7.7185704;0.0294;0.19
"#N";994.201186883218;-8.3199766;0.027;0.18
"#Q";979.245117424642;-5.9919526;0.0259;0.17
"#R";977.54437239442;-6.903762;0.0288;0.15
"#S";975.512173168536;-6.5545584;0.0277;0.2
"#T";972.473135875742;-6.7582605;0.029;0.16
"#O";959.38157163873;-7.9901732;0.025;0.19
"#P";958.858175122891;-7.3111662;0.03;0.2
"#N";958.846181616217;-7.3499666;0.0284;0.18
"#Q";944.246789774792;-7.6312695;0.0265;0.15
"#R";943.019087823783;-7.000763;0.0287;0.17
"#S";939.119268250844;-6.3120559;0.029;0.2
"#T";938.070359834485;-5.9046517;0.0303;0.15
"#O";923.786230683268;-8.8825824;0.0288;0.17
"#N";922.781122477048;-7.0589636;0.0264;0.2
"#P";922.499322492976;-6.903762;0.0281;0.2
"#Q";908.442623394565;-8.358777;0.0263;0.2
"#R";907.508677644462;-8.4363778;0.032;0.19
"#T";904.232824000545;-5.4099466;0.028;0.19
"#S";903.064228059112;-5.8173508;0.0278;0.14
"#O";887.551688635653;-8.455778;0.0287;0.2
"#N";887.426053257397;-8.3490769;0.0275;0.18
"#P";886.996054106218;-8.1162745;0.026;0.18
"#Q";874.036612505449;-8.7370809;0.0259;0.17
"#R";872.983390449097;-7.6894701;0.0311;0.2
"#T";869.830443247418;-6.1665544;0.0291;0.18
"#S";867.009227171199;-4.8085404;0.0277;0.18
"#N";852.071006430802;-8.6885804;0.0269;0.18
"#P";851.493393984945;-8.552779;0.0278;0.19
"#O";851.317214673825;-5.7494501;0.0248;0.2
"#Q";839.038139776733;-8.7079806;0.0262;0.18
"#R";838.458108673296;-8.455778;0.0312;0.21
"#T";835.428632499509;-7.7864711;0.0305;0.15
"#S";830.954270703268;-4.4496367;0.0275;0.18
"#N";816.715984905401;-7.8640719;0.0273;0.21
"#O";815.723605150666;-7.2529656;0.0293;0.18
"#P";815.134958151103;-8.9601832;0.0297;0.19
"#Q";804.039800009925;-8.6206797;0.0271;0.2
"#R";802.947694435945;-9.3384871;0.0304;0.16
"#T";801.590918112225;-7.5148683;0.0315;0.18
"#S";794.899364699708;-4.672739;0.0312;0.16
"#N";781.36099211568;-8.0871742;0.0273;0.2
"#P";779.63324711046;-8.5915794;0.0313;0.18
"#O";779.489576582009;-7.3790669;0.0298;0.2
"#Q";769.633679096751;-8.746781;0.0269;0.19
"#R";768.422409876235;-8.3296767;0.0305;0.19
"#T";767.189676677157;-8.5139786;0.0304;0.16
"#S";758.506427131636;-6.7291602;0.0307;0.14
"#N";745.295914385689;-8.455778;0.0275;0.18
"#P";744.132380695801;-7.7185704;0.0287;0.16
"#O";743.255676063089;-6.8649616;0.0299;0.21
"#Q";733.829680511766;-8.2714761;0.0269;0.2
"#R";732.912000174646;-7.9222725;0.0325;0.18
"#T";732.789192060036;-8.4266777;0.029;0.18
"#S";722.45138244729;-7.0492635;0.0306;0.15
"#N";709.940842605917;-8.6691802;0.0283;0.16
"#P";707.774681660767;-7.6603698;0.0301;0.21
"#O";707.021923281025;-7.3014661;0.0282;0.19
"#T";698.951357391915;-8.1938753;0.0315;0.19
"#Q";698.831167021048;-7.8058713;0.0283;0.19
"#R";698.386712359277;-7.5924691;0.0319;0.2
"#S";686.396386936878;-6.8940619;0.032;0.2
"#N";674.585798842519;-7.2335654;0.0284;0.22
"#P";672.275241251677;-7.5536687;0.0322;0.16
"#O";671.431306985309;-6.8746617;0.0286;0.2
"#T";664.551728611099;-7.3014661;0.0311;0.19
"#Q";664.425315592355;-7.194765;0.028;0.18
"#R";663.861431324339;-5.3420459;0.0327;0.18
"#S";650.341448779024;-7.7573708;0.0331;0.17
"#N";639.230787744145;-6.78736079999999;0.0284;0.16
"#P";636.777041043409;-7.776771;0.03;0.15
"#O";635.198394204519;-8.7370809;0.0275;0.16
"#T";630.713881248859;-6.4478573;0.0297;0.16
"#Q";629.426723296684;-6.5739586;0.0275;0.16
"#R";628.351016550463;-6.1083538;0.0318;0.15
"#S";614.286578072482;-4.7212395;0.0318;0.2
"#N";603.16581468117;-8.5721792;0.0305;0.17
"#P";600.420685852844;-9.36758739999999;0.0271;0.14
"#O";599.730772930654;-7.7185704;0.0281;0.18
"#T";595.487195496259;-5.6815494;0.0317;0.16
"#Q";594.428296769257;-7.91257239999999;0.0271;0.17
"#R";593.825732012347;-7.8931722;0.0319;0.19
"#S";577.893588820641;-5.3129456;0.0323;0.18
"#N";567.810707894805;-8.1841752;0.0293;0.14
"#P";564.924773753108;-9.36758739999999;0.0271;0.15
"#O";564.907072003883;-7.9901732;0.0274;0.17
"#T";560.260653624721;-6.6224591;0.0314;0.19
"#Q";559.430067121888;-8.9989836;0.0309;0.2
"#R";558.315323092605;-7.6603698;0.0324;0.15
"#S";541.838536835467;-5.1286437;0.0325;0.18
"#N";532.455631954438;-8.7758813;0.0289;0.22
"#P";529.939619202037;-9.4645884;0.0291;0.21
"#O";529.439326079958;-7.7670709;0.0272;0.17
"#T";525.034284594825;-6.8940619;0.0315;0.14
"#Q";524.218465909014;-9.1638853;0.0299;0.18
"#R";523.790034269458;-8.6206797;0.0323;0.15
"#S";505.783550543115;-6.1956547;0.0329;0.14
"#N";497.100593441609;-9.4354881;0.0294;0.24
"#P";494.094120588375;-9.3093868;0.0308;0.17
"#O";493.971659106067;-5.8852515;0.0256;0.19
"#T";490.368228987156;-7.1656647;0.0308;0.19
"#R";489.264754504144;-9.0086837;0.0322;0.16
"#Q";489.219787007844;-9.5615894;0.0314;0.2
"#S";469.728645070747;-6.2344551;0.0324;0.17
"#N";461.745600953599;-8.2035754;0.0296;0.2
"#P";459.108919538708;-8.3199766;0.0297;0.19
"#O";458.504089403791;-7.582769;0.0297;0.19
"#T";455.141736165779;-8.1841752;0.0292;0.18
"#Q";454.221311697283;-10.9390036;0.0335;0.17
"#R";453.754338822231;-9.6973908;0.0318;0.17
"#S";433.673840576072;-7.1559646;0.0333;0.18
"#N";425.680631459783;-9.0571842;0.0314;0.17
"#O";423.680304002912;-8.8534821;0.0298;0.16
"#P";423.263511302356;-7.5536687;0.0295;0.13
"#T";419.915467683676;-8.7564811;0.0314;0.2
"#Q";419.815435638091;-11.2979073;0.0337;0.15
"#R";419.229054336648;-9.7361912;0.0336;0.2
"#S";397.61916452807;-7.9222725;0.0313;0.16
"#N";390.325505187657;-8.5236787;0.0307;0.16
"#P";388.278250742943;-7.7476707;0.0305;0.15
"#O";388.212570636243;-6.9619626;0.0289;0.23
"#T";385.249269953883;-8.9310829;0.0322;0.15
"#Q";384.816839548375;-10.8517027;0.033;0.17
"#R";384.703782149331;-9.7361912;0.0363;0.18
"#S";361.225691223645;-9.3093868;0.0352;0.21
"#N";354.970421302959;-6.7582605;0.0299;0.18
"#P";353.293079468025;-9.2996867;0.0323;0.17
"#O";352.744950353651;-6.7970609;0.0299;0.18
"#T";350.02285639655;-8.9795834;0.0321;0.18
"#R";349.193356179639;-10.7741019;0.0371;0.2
"#Q";349.012893744629;-9.5518893;0.0312;0.16
"#S";325.170724389512;-7.6506697;0.0328;0.19
"#N";319.615393872072;-8.843782;0.0321;0.16
"#O";317.92137392758;-7.2335654;0.0304;0.2
"#P";317.447633476767;-8.940783;0.0303;0.16
"#T";314.796759830847;-8.8243818;0.0342;0.17
"#R";314.668079092875;-10.9390036;0.0354;0.19
"#Q";314.014330883162;-10.2308963;0.0346;0.17
"#S";289.115893717381;-8.3199766;0.0341;0.17
"#N";283.550700933713;-8.8534821;0.0347;0.16
"#P";282.462386876554;-9.93989329999999;0.0342;0.15
"#O";282.453536001941;-8.1938753;0.0299;0.16
"#T";280.130326812361;-8.9601832;0.0373;0.21
"#Q";279.608655087785;-9.7070909;0.0283;0.17
"#R";279.157661546303;-9.4354881;0.035;0.17
"#S";253.061257406186;-8.3490769;0.033;0.2
"#N";248.195487469051;-8.5721792;0.0323;0.21
"#P";247.477271683684;-9.6391902;0.0344;0.17
"#O";246.985829553033;-8.7079806;0.0305;0.17
"#T";244.904062849108;-9.1735854;0.0334;0.18
"#R";244.632377252072;NA;0.0375;0.21
"#Q";244.609893503922;-10.2599966;0.0308;0.16
"#S";217.006912332303;-9.4354881;0.0357;0.16
"#N";212.840315729892;-8.8825824;0.0326;0.16
"#P";211.631755651178;-8.9213828;0.0352;0.2
"#O";211.518320719506;-8.9213828;0.0298;0.18
"#R";210.107115538718;-9.0474841;0.032;0.19
"#T";209.678325060079;-10.1144951;0.035;0.17
"#Q";209.611545483544;-10.007794;0.0299;0.18
"#S";180.612845611822;-8.1356747;0.0305;0.16
"#N";177.485210651479;-10.4442985;0.0327;0.16
"#O";176.694651871527;-9.2123858;0.0305;0.18
"#P";176.646539734012;-10.2696967;0.0377;0.2
"#Q";175.205593518015;-9.8719926;0.0304;0.2
"#T";175.011428198275;-11.2300066;0.0363;0.17
"#R";174.596678089819;-9.5906897;0.0324;0.19
"#S";144.557946858691;-9.522789;0.0327;0.2
"#N";142.130221979704;-10.4830989;0.0308;0.19
"#P";141.661568535718;-8.7661812;0.0344;0.21
"#O";141.226768000971;-9.134785;0.0298;0.21
"#R";140.071410359145;-9.7458913;0.0313;0.15
"#T";139.785550040052;-12.2291169;0.0363;0.17
"#Q";139.402295533467;-9.7070909;0.0301;0.17
"#S";108.503456166152;-9.0765844;0.0329;0.18
"#N";106.066017177982;NA;0.101;0.29
"#P";105.815877825589;NA;0.0428;0.36
"#O";105.759160359753;-8.8340819;0.029;0.19
"#R";104.560986988456;-9.0668843;0.032;0.2
"#T";104.560986988456;-8.8728823;0.0318;0.16
"#Q";104.403065089105;-9.8040919;0.0295;0.19
"#S";72.4499827467198;-10.5606997;0.0362;0.15
"#O";70.9365914038728;-8.0968743;0.0287;0.16
"#P";70.8307842678591;NA;0.039;0.36
"#N";70.7106781186548;-9.2608863;0.0283;0.18
"#R";70.0357051795725;NA;0.0362;0.16
"#Q";70;-9.9592935;0.0298;0.17
"#T";69.8927750200262;-8.6982805;0.0332;0.19
"#S";36.4005494464026;-9.9689936;0.0322;0.16
"#P";35.8468966578698;-8.5430789;0.0296;0.17
"#R";35.5105618091294;-8.9310829;0.0316;0.15
"#O";35.4682957019364;-9.4839886;0.0295;0.18
"#N";35.3553390593274;-9.522789;0.0303;0.17
"#Q";35;-10.1338953;0.0311;0.18
"#T";34.6698716467194;-8.261776;0.0316;0.2
"#N";0;-10.201796;0.0312;0.16
"#O";0;-9.5712895;0.0292;0.21
"#P";0;-8.8243818;0.029;0.18
"#Q";0;-10.3569976;0.0319;0.13
"#R";0;-9.1444851;0.0327;0.19
"#S";0;-9.2705864;0.0339;0.18
"#T";0;-7.9998733;0.0285;0.18
"09";1926.94628882073;-4.8958413;0.027;0.198
"09";1891.77826396224;-5.7688503;0.0271;0.193
"#K";1864.76942274373;-5.4681472;0.0236;0.152
"09";1856.61035222795;-7.0686637;0.0272;0.156
"#K";1829.41657366495;-7.5924691;0.0243;0.173
"09";1821.44256017037;-5.545748;0.0273;0.196
"#K";1794.06382272203;-7.6506697;0.0234;0.151
"#L";1788.22621611473;-7.1365644;0.0268;0.183
"09";1786.51756218628;-6.3993568;0.0271;0.212
"#K";1758.71117583303;-8.3684771;0.026;0.145
"#L";1752.45456431829;-9.1638853;0.0215;0.164
"09";1751.34976518113;-5.64274899999999;0.0273;0.185
"#M";1740.25314250542;-6.8843618;0.0253;0.183
"10";1732.50569984632;-5.7494501;0.0252;0.181
"#K";1723.35863940156;-3.79973;0.0224;0.139
"#L";1716.68313907954;-8.9213828;0.0243;0.175
"09";1716.42477260147;-3.4602265;0.0273;0.185
"#M";1705.254233245;-9.0183838;0.0237;0.132
"10";1697.62333867086;-6.1083538;0.0249;0.189
"#K";1688.00622036769;-5.6524491;0.0233;0.154
"#C";1682.78014012526;-4.27503489999999;0.0213;0.162
"09";1681.25697024577;-5.157744;0.0274;0.191
"#L";1680.9119548626;-5.5360479;0.0256;0.162
"#M";1669.64906492352;-6.4672575;0.0221;0.146
"10";1662.74111033558;-8.0871742;0.027;0.23
"#K";1652.65392626527;-6.903762;0.0226;0.187
"#C";1647.43103042282;-4.4593368;0.0234;0.18
"02";1647.05434033003;-5.9919526;0.0261;0.141
"09";1646.33198353188;-6.6030589;0.0276;0.179
"#L";1645.14102738945;-8.3005764;0.0231;0.168
"#M";1634.04406305338;-6.5933588;0.0232;0.179
"10";1628.30525393736;-5.4778473;0.0236;0.186
"#K";1617.30176528686;-8.64978;0.0243;0.174
"#C";1612.08219393429;-5.1092435;0.0256;0.17
"02";1611.82660357744;-6.1956547;0.0244;0.202
"09";1611.16417537134;-3.3244251;0.0275;0.181
"#L";1609.37037377976;-8.5624791;0.0227;0.155
"#M";1598.43923875761;-7.2723658;0.0228;0.191
"10";1593.42304489423;-5.6330489;0.0248;0.221
"#K";1582.64714955672;-8.1356747;0.0239;0.183
"#C";1576.85573214546;-5.2935454;0.0247;0.188
"02";1576.5988709878;-5.5845484;0.024;0.195
"09";1576.23919504623;-8.5624791;0.0258;0.2
"#L";1573.60001270971;-7.7961712;0.0254;0.178
"#H";1569.84871882612;-5.7785504;0.0231;0.153
"#M";1562.83460417282;-4.8376407;0.0216;0.167
"10";1558.98717121085;-8.3878773;0.0243;0.183
"#K";1547.99257104161;-7.388767;0.0254;0.182
"02";1542.19583711019;-6.2538553;0.023;0.157
"#C";1541.50705480059;-5.2450449;0.0265;0.152
"09";1541.07138056613;-7.67977;0.0268;0.229
"#L";1537.82996459297;-5.157744;0.0246;0.191
"#H";1534.96319174109;-6.5933588;0.0229;0.162
"#M";1527.23017256732;-7.6991702;0.0201;0.182
"10";1524.10498326067;-7.8834721;0.0261;0.18
"#K";1513.33803229814;-4.866741;0.0227;0.176
"02";1507.7930892533;-5.9919526;0.0212;0.16
"#C";1506.28051836303;-4.2944351;0.0235;0.135
"09";1506.14640722607;-8.1841752;0.0274;0.182
"#L";1502.48926784853;-6.70976;0.0224;0.17
"#H";1500.07766465607;-8.4751782;0.0263;0.152
"#M";1491.62595847619;-6.5060579;0.0199;0.214
"10";1489.6690907715;-4.3914361;0.0247;0.242
"#E";1479.00845163238;-4.7018393;0.0258;0.171
"#K";1478.68353612259;-4.5854381;0.0233;0.167
"02";1472.56544846061;-5.3032455;0.0236;0.184
"#C";1471.05404387466;-4.76974;0.023;0.169
"09";1470.97858584005;-7.9998733;0.0273;0.186
"#L";1467.14859506459;-8.1841752;0.0229;0.167
"#H";1466.08082996812;-4.9831422;0.0243;0.185
"03";1463.46028302787;-3.4214261;0.0237;0.183
"#A";1461.75579355787;-6.7000599;0.0273;0.105
"#M";1456.0219778561;-3.5669276;0.02;0.174
"10";1454.7869259792;-7.5051682;0.0265;0.224
"#K";1444.02908557965;-6.0986537;0.0226;0.169
"#E";1444.00865648375;-4.7891402;0.0278;0.162
"02";1438.163064468;-6.2538553;0.0272;0.182
"09";1436.05362016883;-5.1868443;0.0274;0.186
"#C";1435.70540153612;-5.3711462;0.023;0.145
"#H";1432.54249500669;-5.4681472;0.0232;0.181
"#L";1431.80794801538;-6.612759;0.025;0.203
"03";1427.85153289829;-4.4496367;0.0242;0.178
"#A";1426.40807625308;-5.7591502;0.0265;0.167
"10";1420.35101295419;-7.2529656;0.0267;0.164
"#M";1419.6214284097;-7.9901732;0.0205;0.186
"01";1416.64745085007;-4.9055414;0.0264;0.158
"#K";1409.37468403544;-6.70976;0.0229;0.175
"#E";1409.00887151217;-4.8570409;0.0274;0.159
"02";1403.76101954713;-7.6991702;0.0249;0.177
"09";1400.88579120498;-4.4302365;0.0275;0.185
"#C";1400.47884668066;-5.4681472;0.0227;0.174
"#H";1397.65696792883;-9.2123858;0.0236;0.165
"#L";1396.4673286547;-5.6233488;0.0243;0.146
"03";1392.24279491761;-5.1480439;0.0242;0.195
"#A";1391.06074633713;-4.8958413;0.0258;0.179
"#D";1390.85045925146;-4.3914361;0.0253;0.193
"#I";1390.02302139209;-5.448747;0.0235;0.144
"10";1385.46887370305;-4.6630389;0.0239;0.21
"#M";1383.2208789633;-7.776771;0.0195;0.154
"01";1381.42136945973;-4.5951382;0.0266;0.18
"#F";1379.49447262394;-4.2071342;0.0254;0.177
"#E";1375.00909087904;-5.3905464;0.0263;0.17
"#K";1374.72033519549;-7.3499666;0.0231;0.2
"#B";1369.64411435964;-6.54485829999999;0.0236;0.158
"02";1369.35933925321;-6.52545809999999;0.0279;0.19
"09";1365.96083399196;-5.8464511;0.0272;0.176
"#G";1365.42337756463;-6.54485829999999;0.0248;0.157
"#C";1365.13039670209;-5.3323458;0.0225;0.146
"#H";1363.66014827742;-7.5245684;0.0225;0.167
"#L";1361.12673913931;-7.4760679;0.0211;0.173
"03";1357.24905599525;-5.08984329999999;0.024;0.168
"#A";1355.83369186637;-5.6621492;0.0252;0.153
"#D";1355.51687558658;-4.7988403;0.0277;0.177
"#I";1355.02361603036;-6.0986537;0.0247;0.143
"10";1351.0329381625;-7.9416727;0.0252;0.169
"#M";1346.8203295169;-7.7864711;0.0214;0.152
"01";1346.19537957906;-4.7794401;0.0247;0.191
"05";1344.99144978695;-4.1392335;0.0243;0.161
"#F";1344.83642127955;-4.7115394;0.0267;0.182
"#K";1340.06604314862;-7.67977;0.0268;0.172
"#E";1340.00932832574;-5.6233488;0.025;0.167
"#B";1335.44187443707;-6.6515594;0.0235;0.164
"02";1334.13192750942;-7.3984671;0.0286;0.155
"09";1330.79299667529;-5.0510429;0.0274;0.203
"#G";1330.20449555698;-8.3975774;0.0241;0.165
"#H";1330.12179893422;-3.993732;0.021;0.199
"#C";1329.90375591619;-5.4099466;0.0225;0.152
"#L";1325.78618185588;-7.5439686;0.0232;0.149
"03";1321.64026875697;-5.8949516;0.0253;0.193
"#A";1321.59940980616;-5.8658513;0.0239;0.17
"#D";1320.18369933885;-5.4099466;0.024;0.162
"#I";1320.02424220163;-5.0219426;0.0224;0.142
"10";1316.15082722308;-7.8640719;0.0257;0.178
"01";1311.96417634019;-5.4681472;0.0237;0.161
"05";1310.86574446051;-5.08984329999999;0.0248;0.162
"#M";1310.41978007049;-6.7582605;0.0213;0.178
"#F";1310.17899540483;-5.5069476;0.0247;0.159
"#E";1306.00957117473;-5.8658513;0.0243;0.164
"#K";1305.41181241783;-4.9055414;0.0265;0.175
"#B";1301.23979342779;-5.64274899999999;0.0235;0.15
"02";1299.73074134607;-7.194765;0.0341;0.172
"09";1295.86804883831;-6.127754;0.0275;0.194
"#H";1295.23627188247;-4.3526357;0.0236;0.16
"#G";1294.98610031151;-8.940783;0.0238;0.17
"#C";1294.6771798406;-5.3711462;0.0206;0.15
"#L";1290.44565945258;-7.2529656;0.0254;0.176
"03";1286.64680468262;-6.030753;0.0279;0.179
"#A";1286.37241885855;-6.3896567;0.0236;0.137
"#I";1285.02490248244;-6.418757;0.0229;0.181
"#D";1284.85096411996;-6.4866577;0.0243;0.171
"10";1281.71486688733;-7.485768;0.0265;0.186
"01";1276.84141536841;-6.3023558;0.0261;0.189
"05";1276.74038081358;-5.0122425;0.0241;0.156
"#F";1276.0470210772;-5.0025424;0.0243;0.206
"#M";1274.01923062409;-6.8649616;0.0215;0.181
"#E";1272.00982700607;-6.3702565;0.0259;0.168
"#K";1270.75764801948;-4.8570409;0.0235;0.186
"#B";1266.41304478436;-5.8949516;0.0224;0.121
"02";1265.32999648313;-5.3032455;0.0272;0.199
"#H";1261.23946972809;-6.8552615;0.0203;0.156
"09";1260.70020226856;-8.2714761;0.0278;0.171
"#G";1260.31623015813;-8.261776;0.0243;0.176
"#C";1259.32878947477;-5.0316427;0.0232;0.155
"#L";1255.1051748758;-6.9716627;0.0259;0.17
"#A";1252.13817128941;-6.3314561;0.0244;0.154
"03";1251.0379690481;-6.0792535;0.027;0.205
"#I";1250.02559973786;-5.9919526;0.0236;0.152
"#D";1249.07405705186;-6.515758;0.0257;0.154
"10";1246.83278750601;-6.6321592;0.0255;0.182
"05";1242.61538699631;-5.73975;0.0263;0.149
"01";1242.61015608275;-6.5060579;0.025;0.19
"#F";1241.91505345575;-6.3508563;0.0252;0.143
"#M";1237.61868117769;-7.7670709;0.0216;0.171
"#E";1237.01010505169;-6.0792535;0.0231;0.166
"#K";1236.10355553246;-5.5748483;0.0228;0.175
"#B";1231.58637537121;-6.0404531;0.0239;0.159
"02";1230.92972991962;-5.0025424;0.0278;0.16
"#H";1227.70110368933;-7.9028723;0.0206;0.175
"#G";1225.64636008924;-5.4293468;0.0232;0.168
"09";1225.53253730776;-7.4372675;0.0278;0.175
"#C";1224.10211992301;-5.8173508;0.0229;0.168
"#L";1219.7647314134;-8.4751782;0.0251;0.155
"#A";1216.79086124116;-6.3023558;0.0237;0.183
"03";1216.04481825301;-6.3411562;0.0261;0.21
"#I";1215.02633716311;-4.381736;0.0216;0.149
"#D";1213.74173529627;-6.4381572;0.0245;0.181
"10";1212.39679973184;-7.6021692;0.0264;0.224
"05";1208.49079433813;-5.9628523;0.0265;0.165
"01";1208.48210578395;-6.3023558;0.0249;0.182
"#F";1207.78309310902;-6.0113528;0.0246;0.151
"#E";1203.01039064507;-6.1956547;0.0225;0.174
"#K";1201.44954117932;-5.7882505;0.0239;0.165
"#M";1201.21813173129;-7.3014661;0.0218;0.193
"#B";1196.75979210533;-6.7194601;0.0219;0.184
"#B";1196.75979210533;-6.7194601;0.0219;0.184
"02";1195.70272225165;-4.7891402;0.0291;0.193
"#H";1192.81557669239;-7.1268643;0.0238;0.185
"#G";1190.97649011221;-6.1762545;0.0234;0.179
"09";1190.60740800652;-3.3244251;0.0278;0.173
"#C";1188.87551913562;-4.3041352;0.0228;0.158
"#L";1184.42433274566;-8.0968743;0.0262;0.187
"#A";1182.5565525589;-7.0589636;0.0248;0.135
"03";1181.0520733651;-6.9910629;0.0289;0.172
"#I";1180.02711833246;-6.6612595;0.0249;0.146
"#D";1177.96477027117;-7.3790669;0.0241;0.163
"10";1177.51475574619;-7.2141652;0.0262;0.234
"05";1174.3666378095;-6.903762;0.025;0.178
"#F";1173.65114067171;-6.0598533;0.0263;0.156
"01";1173.2561527646;-6.6903598;0.0253;0.181
"#E";1168.00684929499;-6.3702565;0.0211;0.166
"#K";1166.79561192181;-7.1850649;0.0241;0.178
"#M";1164.81758228488;-7.8834721;0.0233;0.137
"#B";1161.93330273299;-6.3896567;0.0222;0.148
"02";1161.30314733062;-5.4099466;0.0282;0.185
"#H";1159.27736111769;-3.3050249;0.0227;0.196
"08";1156.97061328281;-5.3323458;0.0276;0.193
"#G";1156.30662023531;-7.7573708;0.0247;0.174
"09";1155.43974312813;-5.3032455;0.0277;0.193
"#C";1153.52719950593;-5.4099466;0.0234;0.184
"#L";1149.08398300559;-6.7291602;0.0247;0.154
"#A";1147.32950803159;-6.8358613;0.0259;0.151
"03";1145.44314568642;-6.1956547;0.0288;0.192
"#I";1145.02794725718;-6.2053548;0.0264;0.164
"10";1143.0787374455;-7.9804731;0.0264;0.195
"#D";1142.63292443374;-6.4381572;0.0248;0.176
"05";1140.24295656671;-5.2062445;0.0245;0.181
"#F";1139.51919685453;-6.2441552;0.0258;0.157
"01";1139.12817540433;-7.0395634;0.0275;0.17
"#E";1134.00705465178;-7.3984671;0.0248;0.177
"#K";1132.14177557407;-6.9134621;0.0224;0.153
"#M";1128.41703283848;-4.9346417;0.0225;0.152
"#B";1127.10691595784;-6.52545809999999;0.0227;0.168
"02";1126.90416628922;-5.5554481;0.0289;0.191
"#H";1125.28040949801;-4.9152415;0.0229;0.163
"08";1121.61535296197;-7.3014661;0.0276;0.159
"#G";1121.08875652198;-8.3975774;0.0222;0.209
"09";1120.5146139163;-5.4099466;0.0268;0.194
"#C";1118.3004962889;-4.9734421;0.0231;0.197
"#L";1113.74368685079;-4.5854381;0.0267;0.154
"#A";1113.09523402088;-7.2238653;0.0281;0.159
"03";1110.45080935627;-5.8852515;0.0287;0.164
"#I";1110.02882845447;-6.1956547;0.0236;0.156
"#D";1108.1967334368;-6.9716627;0.0259;0.185
"10";1108.1967334368;-3.94523149999999;0.0263;0.197
"05";1106.11979459731;-4.3623358;0.0234;0.182
"#F";1105.38726245601;-5.9919526;0.0248;0.17
"01";1104.89682776266;-8.1356747;0.0277;0.155
"07";1100.2199780044;-6.5060579;0.0265;0.159
"#E";1100.00727270323;-6.2635554;0.0271;0.157
"#K";1097.48804093712;-7.7088703;0.0237;0.169
"#B";1092.28064159354;-7.3499666;0.0242;0.134
"#M";1092.01648339208;-5.64274899999999;0.0228;0.159
"02";1091.67760808766;-5.8949516;0.0278;0.189
"#H";1090.39488259988;-7.4178673;0.0234;0.175
"#G";1086.4188879065;-7.9028723;0.0218;0.169
"08";1086.26009776664;-7.0298633;0.0275;0.163
"09";1085.34694913654;-7.8834721;0.0274;0.18
"#C";1083.07386636369;-5.0219426;0.0247;0.132
"#L";1078.40344954938;-6.0404531;0.0255;0.189
"#A";1077.86826653353;-7.9319726;0.0285;0.158
"#I";1075.02976702973;-7.9416727;0.0263;0.175
"03";1074.84184883172;-5.5554481;0.0286;0.158
"10";1073.76068097132;-6.1568543;0.0253;0.181
"#D";1073.31495843485;-6.9328623;0.0259;0.185
"05";1071.99720148888;-4.8764411;0.0242;0.177
"#F";1071.25533837643;-6.1859546;0.025;0.174
"01";1069.77427525623;-7.485768;0.0307;0.115
"07";1065.50692161055;-7.8931722;0.0255;0.191
"#E";1065.0075117106;-7.388767;0.0287;0.183
"#K";1062.83441795983;-6.9813628;0.0245;0.156
"#B";1057.45449074653;-7.3208663;0.0236;0.163
"02";1057.27952784493;-6.0501532;0.0294;0.163
"#H";1056.85666010108;-7.4081672;0.0233;0.178
"#M";1055.61593394568;-6.0501532;0.0222;0.183
"#J";1054.28885984819;-6.4963578;0.0244;0.159
"#G";1051.74901949087;-6.7194601;0.0242;0.161
"08";1050.90484821415;-6.3896567;0.0275;0.156
"09";1050.42182003231;-9.0183838;0.0279;0.151
"#C";1047.72563202396;-4.5563378;0.0247;0.188
"#A";1043.63403547412;-7.09776399999999;0.0252;0.152
"#L";1043.06327708342;-6.9716627;0.0256;0.15
"#I";1040.03076877562;-7.4566677;0.0253;0.149
"03";1039.84998918113;-3.411726;0.0264;0.192
"#D";1038.87872246957;-5.9434521;0.0283;0.161
"10";1038.87872246957;-8.2132755;0.0266;0.181
"05";1037.87523334937;-5.545748;0.0254;0.164
"#F";1036.59924753976;-5.4390469;0.0254;0.16
"01";1035.54285280716;-6.1956547;0.0279;0.153
"#E";1031.00775942764;-4.2653348;0.0253;0.181
"07";1030.7938688215;-7.7088703;0.0235;0.14
"#K";1028.18091793225;-7.6991702;0.0266;0.185
"02";1022.88220240651;-5.97255239999999;0.026;0.191
"#H";1022.85971667673;-8.6982805;0.0208;0.134
"#B";1022.62847603614;-8.0192735;0.0257;0.168
"#M";1019.21538449927;-6.54485829999999;0.0213;0.157
"#J";1018.83511914343;-5.0801432;0.0258;0.171
"#G";1017.07915129551;-4.672739;0.0226;0.19
"08";1015.54960489382;-5.0995434;0.0274;0.187
"09";1015.25415537194;-8.24237579999999;0.0277;0.176
"#C";1012.49888888828;-4.9831422;0.0258;0.182
"#A";1008.28666558673;-6.127754;0.0291;0.131
"#L";1007.72317627412;-7.1462645;0.0248;0.182
"#I";1005.03184029164;-4.963742;0.0243;0.134
"03";1004.858696534;-4.7309396;0.0273;0.173
"10";1004.44263151262;-9.03778399999999;0.026;0.151
"#D";1003.99701194774;-4.8764411;0.0301;0.171
"05";1003.753953915;-6.321756;0.0255;0.202
"#F";1002.46745583086;-5.7009496;0.0272;0.132
"01";1001.31163980052;-4.6630389;0.0261;0.15
"06";997.313391066219;-3.9258313;0.0262;0.133
"07";996.080820014119;-8.3684771;0.024;0.173
"#E";996.008032096127;-4.8958413;0.0247;0.144
"#K";993.527553719573;-7.2723658;0.0253;0.171
"02";988.485710569455;-5.8561512;0.0238;0.205
"#H";987.974189946276;-8.9504831;0.0225;0.149
"#B";987.802611861297;-6.515758;0.0235;0.204
"#J";983.382428152954;-5.4584471;0.0253;0.176
"#M";982.81483505287;-7.7961712;0.0213;0.172
"#G";982.40928334376;-5.0219426;0.0234;0.17
"08";981.183978670667;-3.37292559999999;0.0272;0.19
"09";980.32902639879;-5.6136487;0.0279;0.197
"#C";977.150960701569;-4.3720359;0.0247;0.16
"#A";974.052359988928;-5.4681472;0.0332;0.157
"#L";972.383154934309;-8.6982805;0.0238;0.168
"#I";970.032989129751;-6.6515594;0.0248;0.151
"#D";969.560725277174;-3.605728;0.0297;0.192
"10";969.560725277174;-6.1859546;0.024;0.184
"03";969.249709827143;-7.7670709;0.0435;0.194
"05";969.084103677281;-6.2926557;0.0253;0.192
"#F";968.335685596684;-6.6418593;0.0272;0.161
"01";966.188904924912;-4.4496367;0.0264;0.161
"06";962.324789247373;-4.7018393;0.0259;0.196
"#E";962.008315972372;-4.9055414;0.0262;0.157
"07";961.367775619716;-9.231786;0.024;0.17
"#K";958.874340046703;-7.8931722;0.0237;0.158
"#H";954.435959087879;-7.7282705;0.0235;0.152
"02";953.260195329691;-5.6912495;0.0217;0.14
"#B";952.97691472564;-6.1180539;0.0246;0.171
"#J";947.930904654975;-5.4584471;0.0262;0.173
"#G";947.192166352742;-6.4769576;0.0245;0.172
"#M";946.414285606467;-7.67977;0.0237;0.172
"08";945.828737140081;-4.7794401;0.0271;0.162
"09";945.161361884837;-5.2935454;0.0277;0.185
"#C";941.924094606354;-4.0422325;0.0256;0.141
"#A";938.825329867063;-4.27503489999999;0.029;0.175
"#L";937.043222055418;-6.1762545;0.0256;0.151
"10";935.124590629505;-7.4954681;0.0245;0.227
"#I";935.034223972577;-6.5351582;0.0251;0.159
"#D";934.679089313546;-5.0219426;0.0296;0.165
"05";934.41425502825;-6.70976;0.0275;0.166
"03";934.259064713851;-5.3905464;0.0276;0.19
"#F";934.20393919101;-6.1665544;0.0275;0.166
"01";931.957617062064;-5.5554481;0.0285;0.173
"#E";928.008620649614;-4.9443418;0.0255;0.188
"07";927.634626348111;-7.8446717;0.0232;0.172
"06";927.337047680076;-5.9143518;0.0275;0.168
"#K";924.221293846879;-7.1268643;0.0255;0.136
"#H";920.439025682853;-7.7185704;0.0239;0.194
"02";919.42264492452;-5.2353448;0.0178;0.157
"#B";918.151403636677;-5.0413428;0.0265;0.196
"#J";913.220674317002;-5.836751;0.0259;0.167
"#G";912.522328493939;-6.6903598;0.0235;0.175
"08";910.47350318392;-4.4593368;0.0272;0.131
"09";910.236233073591;-6.1859546;0.0277;0.19
"#M";910.013736160065;-7.9610729;0.0232;0.183
"#C";906.697303403953;-4.8861412;0.029;0.155
"#A";904.591067831205;-5.2450449;0.0307;0.18
"#L";901.703388038439;-6.6224591;0.0249;0.185
"#D";900.24274504158;-5.6039486;0.0296;0.167
"10";900.24274504158;-8.6109796;0.0248;0.192
"#F";900.072219324649;-5.7591502;0.0286;0.163
"#I";900.035554853251;-6.515758;0.0268;0.17
"05";899.744408151559;-6.0501532;0.0278;0.158
"03";898.650098759245;-5.5845484;0.0259;0.157
"01";897.829605214709;-5.5748483;0.0278;0.137
"#E";893.005039179511;-5.4196467;0.0264;0.176
"07";892.921609101269;-8.6400799;0.0268;0.152
"06";892.350267551929;-5.4972475;0.0265;0.158
"#K";889.568434691789;-8.2132755;0.0276;0.152
"02";885.585117309454;NA;0.0299;0.204
"#H";885.553499230848;-5.8464511;0.0242;0.153
"#B";883.32610059932;-4.0228323;0.024;0.163
"#J";878.510671534501;-6.3605564;0.0262;0.179
"#G";877.852493303972;-6.6418593;0.0249;0.157
"08";876.107870070804;-4.9249416;0.0273;0.172
"09";875.068568741901;-7.5245684;0.0274;0.156
"#M";873.613186713662;-9.0474841;0.0266;0.139
"#C";870.356823377631;-4.866741;0.0295;0.171
"#A";869.364135446132;-5.3905464;0.0303;0.167
"#L";866.363664981398;-6.6030589;0.0243;0.142
"#F";865.940529135806;-3.9064311;0.0237;0.15
"#D";865.806560381706;-6.3023558;0.0293;0.139
"10";865.806560381706;-8.5624791;0.0264;0.219
"05";865.074563260301;-4.672739;0.0244;0.162
"#I";864.037036243239;-4.6048383;0.0257;0.168
"03";863.660234119877;-5.7785504;0.0267;0.19
"01";862.603616964362;-5.9822525;0.0265;0.182
"07";859.188570687483;-10.201796;0.0274;0.17
"#E";859.005238633619;-6.1665544;0.0266;0.14
"06";857.33599014622;-6.3702565;0.0273;0.144
"#K";854.915785326251;-7.1656647;0.0259;0.205
"#H";852.015258079337;-7.7476707;0.0273;0.158
"02";851.747615200653;NA;0.019;0.257
"#B";848.501031230958;-5.9046517;0.029;0.171
"#J";843.800924389159;-5.8852515;0.0253;0.156
"#G";843.182661112051;-6.5836587;0.0243;0.176
"08";840.752639008644;-5.351746;0.0273;0.177
"09";840.143440133886;-7.8252715;0.0279;0.186
"#M";837.21263726726;-8.7564811;0.0267;0.166
"#A";835.129930010894;-5.7494501;0.0308;0.145
"#C";834.137278869611;-5.9240519;0.0294;0.133
"#F";831.808872277761;-4.6824391;0.0261;0.149
"#L";831.024067040179;-7.2723658;0.0251;0.179
"#D";830.924786006531;-6.6806597;0.0313;0.147
"10";830.924786006531;-5.8561512;0.0257;0.182
"05";830.404720603153;-6.6709596;0.0266;0.164
"03";828.671225517092;-5.8852515;0.0264;0.171
"01";828.47570875675;-6.2635554;0.0271;0.166
"#I";828.038646441095;-6.6418593;0.0257;0.17
"07";824.475590906123;-8.6594801;0.0265;0.164
"#E";824.005461146951;-6.0598533;0.0263;0.153
"06";822.321713199889;-6.8455614;0.0272;0.169
"#K";820.263372338422;-6.8261612;0.0262;0.156
"#H";818.018337202779;-7.5439686;0.0271;0.13
"02";817.080167425449;-4.5272375;0.0189;0.218
"#B";813.676225534457;-5.7203498;0.0277;0.123
"#J";809.091465781218;-5.9240519;0.0258;0.157
"#G";808.512832303854;-8.2811762;0.0233;0.204
"08";805.397417428191;-5.5651482;0.0271;0.174
"09";804.975776033043;-7.7961712;0.028;0.201
"#M";800.812087820857;-6.0016527;0.0264;0.157
"#A";799.782470425553;-5.9531522;0.0312;0.162
"#C";797.917915577787;-5.73975;0.0287;0.133
"#F";797.677253029068;-4.9055414;0.0267;0.183
"05";796.570775261056;-6.8649616;0.0286;0.208
"#D";796.488543545982;-6.3023558;0.0311;0.164
"10";796.488543545982;-8.746781;0.0265;0.166
"#L";795.684610885494;-7.5633688;0.0251;0.162
"01";794.244294911836;-6.418757;0.0269;0.15
"03";793.062418728816;-5.545748;0.0243;0.188
"#I";792.040403009847;-6.4672575;0.0259;0.178
"#E";790.005696181996;-5.2935454;0.027;0.145
"07";789.762622564527;-9.7555914;0.0263;0.163
"06";787.307436774225;-6.9619626;0.0275;0.144
"#K";785.611227007354;-6.3314561;0.0245;0.183
"#H";783.591730431096;-8.1065744;0.0257;0.152
"02";783.242618860848;-5.5845484;0.0208;0.158
"#B";778.851718878504;-6.3993568;0.0292;0.118
"#J";774.382334509253;-6.6418593;0.0298;0.165
"#G";773.296838219322;-8.1356747;0.0237;0.193
"08";771.031776258281;-6.0792535;0.0272;0.18
"09";770.050647684943;-7.2044651;0.028;0.185
"#A";765.548169614427;-6.2732555;0.0308;0.131
"#M";764.411538374454;-7.0783638;0.0281;0.176
"#F";763.545676433309;-5.7785504;0.0269;0.149
"10";762.052491630334;-7.3790669;0.0264;0.215
"05";761.900912192655;-5.8076507;0.0281;0.149
"#D";761.606853960756;-7.0589636;0.0315;0.176
"#C";761.577310586391;-5.2353448;0.0285;0.155
"#L";760.345316287277;-7.4663678;0.0253;0.17
"01";759.121861100048;-6.612759;0.0274;0.183
"03";758.07453459406;-6.3314561;0.0275;0.164
"#I";756.042326857432;-6.9425624;0.0264;0.151
"07";756.029761318958;-9.4451882;0.0276;0.196
"#E";756.00595235752;-6.0889536;0.024;0.181
"06";752.29316094193;-6.6418593;0.0274;0.162
"#K";750.959386385176;-6.8455614;0.0248;0.207
"#H";749.594557077358;-8.455778;0.0242;0.147
"02";749.405097393926;-4.4593368;0.0195;0.158
"#B";744.027553253238;-6.9619626;0.0284;0.167
"#J";739.673576653918;-6.8940619;0.0291;0.183
"#G";738.627104837075;-7.7476707;0.0262;0.191
"08";735.676559365595;-5.4778473;0.0277;0.198
"09";734.882983882468;-8.0289736;0.028;0.174
"#A";730.32116222933;-6.4090569;0.0311;0.158
"#F";728.892310290073;-7.1753648;0.0307;0.176
"#M";728.010988928052;-6.8358613;0.0247;0.145
"05";727.231049942176;-5.7591502;0.0282;0.175
"#D";727.170543957881;-6.6030589;0.0323;0.174
"10";727.170543957881;-9.0183838;0.0263;0.181
"#C";725.357842723162;-6.030753;0.0272;0.161
"#L";725.006206869983;-6.4672575;0.0257;0.138
"01";724.890336533741;-6.21505489999999;0.0261;0.159
"03";723.24961113021;-6.5739586;0.0291;0.176
"07";721.316851321248;-7.4954681;0.0276;0.171
"#E";721.00624130447;-7.4081672;0.0282;0.153
"#I";720.044443072787;-6.1762545;0.0258;0.171
"06";717.2788857899;-4.090733;0.0272;0.177
"#K";716.307894693336;-7.1656647;0.027;0.102
"#H";715.597652315881;-8.7079806;0.0241;0.151
"02";714.737714130156;-4.4690369;0.0257;0.181
"#B";709.203778895742;-6.5060579;0.0289;0.146
"#J";704.965247370393;-6.2538553;0.0266;0.165
"#G";703.957385073841;-6.806761;0.0245;0.174
"08";700.32135480792;-6.0113528;0.0274;0.202
"09";699.957855874195;-6.7582605;0.0279;0.211
"#A";695.094238215222;-5.9628523;0.0308;0.136
"#F";694.761110022719;-7.388767;0.0333;0.17
"10";692.734436851525;-9.2608863;0.0268;0.203
"05";692.561188632456;-5.0413428;0.0267;0.157
"#D";692.288957011449;-7.4760679;0.0342;0.148
"#M";691.610439481649;-7.1462645;0.0239;0.178
"01";690.659105492717;-6.4381572;0.027;0.167
"#L";689.667311100069;-6.3605564;0.0256;0.183
"03";689.045716915794;-6.3702565;0.0291;0.164
"#C";689.017416325596;-5.6136487;0.0282;0.129
"#E";687.006550187114;-7.0686637;0.0288;0.156
"07";686.603961538236;-7.2626657;0.0272;0.159
"#I";684.046782025908;-5.3808463;0.0265;0.145
"06";682.26461142287;-4.478737;0.0271;0.136
"#K";681.656805144642;-7.1074641;0.0274;0.167
"#H";681.171050471172;-8.7564811;0.0255;0.173
"02";680.900139521208;-6.7485604;0.0256;0.159
"#B";674.380456419075;-6.9134621;0.0274;0.177
"#J";670.257413237631;-7.194765;0.0296;0.139
"#G";669.287681046051;-6.4284571;0.0254;0.177
"08";665.955704232646;-6.1665544;0.0273;0.176
"09";664.790192466766;-8.3199766;0.0279;0.155
"#A";660.860045698028;-6.2538553;0.0306;0.131
"#F";660.630002346245;-6.5351582;0.0274;0.169
"05";657.891328412223;-5.351746;0.0268;0.178
"#D";657.852567069552;-7.4178673;0.0339;0.188
"10";657.852567069552;-8.4363778;0.0269;0.202
"01";655.536421566338;-7.3984671;0.0285;0.136
"#M";655.209890035247;-7.5536687;0.0274;0.152
"03";654.841965668053;-6.0792535;0.0283;0.168
"#L";654.328663593457;-7.2820659;0.0241;0.16
"07";652.871350267417;-7.3305664;0.0273;0.182
"#C";652.797824751278;-6.4866577;0.0278;0.162
"#E";652.006901803961;-6.4769576;0.0265;0.138
"#I";648.049380834516;-4.3623358;0.0268;0.159
"06";647.250337968239;-4.4108363;0.0275;0.146
"#H";647.173856085055;-7.9222725;0.0247;0.154
"02";647.062593571905;-7.0104631;0.0263;0.199
"#K";647.006182350679;-4.7503398;0.0269;0.16
"#B";639.557659636721;-6.8358613;0.0289;0.14
"#J";635.550155377213;-6.8164611;0.0275;0.152
"#G";634.617995332625;-6.1859546;0.026;0.145
"08";630.600507453015;-7.2820659;0.0274;0.174
"09";630.593371357486;-6.6612595;0.0279;0.161
"#F";626.499002393459;-5.6718493;0.0278;0.157
"#A";625.512589801356;-6.3120559;0.0293;0.184
"#D";623.416393753004;-7.1074641;0.0349;0.18
"10";623.416393753004;-8.2714761;0.0267;0.152
"05";623.221469463304;-5.1480439;0.0275;0.152
"01";621.305078041376;-7.9998733;0.035;0.171
"03";620.016935252578;-7.0395634;0.0298;0.183
"#L";619.890312878012;-7.1753648;0.0251;0.167
"#M";618.809340588844;-7.5439686;0.0277;0.156
"07";618.158555712044;-7.2529656;0.0268;0.19
"#E";618.003236237481;-6.4575574;0.0273;0.164
"#C";616.578462160332;-5.73975;0.0254;0.134
"02";613.225081026535;-6.6321592;0.0287;0.184
"#H";613.176972822692;-8.8243818;0.0246;0.162
"#K";612.356105546438;-4.5563378;0.0264;0.106
"06";612.23606558255;-5.1674441;0.0272;0.166
"#I";612.052285348237;-4.9928423;0.0257;0.179
"#B";604.735479362671;-7.9610729;0.0304;0.157
"#J";600.84357365291;-7.0201632;0.0279;0.165
"#G";599.403870524707;-8.2326757;0.0283;0.181
"09";595.667692593782;-7.4469676;0.0278;0.173
"08";595.24532757511;-6.8261612;0.0275;0.159
"#F";592.368128784795;-7.291766;0.0287;0.16
"#A";591.278276279452;-6.4963578;0.0287;0.156
"05";588.551612010366;-5.7785504;0.0273;0.155
"#D";588.534620901778;-8.3199766;0.0366;0.225
"10";588.534620901778;-6.6224591;0.0266;0.234
"01";587.177145331798;-6.8358613;0.0276;0.178
"03";585.813110129843;-5.8464511;0.029;0.161
"#L";585.451962162567;-7.5245684;0.0265;0.19
"#E";584.003424647493;-5.836751;0.0276;0.172
"07";583.445798682277;-7.5536687;0.0244;0.174
"#M";582.408791142441;-7.970773;0.0264;0.125
"#C";580.237882251754;-5.8755514;0.0274;0.144
"#H";578.750377969639;-8.164775;0.0249;0.121
"02";578.557689431227;-7.5924691;0.036;0.117
"#K";577.706672975135;-5.4875474;0.0273;0.146
"06";576.222179371811;-5.3905464;0.0271;0.18
"#I";576.05555287663;-6.0016527;0.0268;0.151
"#B";569.126523718584;-7.8640719;0.0302;0.173
"#J";566.137792414532;-8.1841752;0.0336;0.165
"#G";564.734450870495;-8.3199766;0.0258;0.147
"08";560.879666238668;-6.2441552;0.0273;0.188
"09";560.500669045096;-8.6109796;0.0278;0.201
"#F";558.237404694454;-6.8455614;0.0266;0.174
"#A";556.051256630178;-6.8843618;0.0299;0.156
"#D";554.098366718401;-6.5933588;0.0358;0.141
"10";554.098366718401;-8.5624791;0.0267;0.159
"05";553.881756334328;-5.07044309999999;0.0278;0.161
"01";551.951084789223;-6.6903598;0.0271;0.163
"#L";551.013611447122;-8.4072775;0.0268;0.177
"03";550.988203140503;-6.52545809999999;0.0292;0.158
"07";549.713561775585;-8.7758813;0.0274;0.144
"#E";549.003642975163;-6.76796059999999;0.0288;0.16
"#M";546.008241696039;-8.2326757;0.0274;0.161
"#H";544.753155107889;-7.5536687;0.0259;0.185
"02";544.720111616966;-6.4963578;0.0285;0.175
"#C";544.018382042372;-5.6524491;0.0282;0.138
"#K";543.058007951268;-6.7485604;0.0276;0.151
"06";540.208293161073;-5.2838453;0.0272;0.196
"#I";540.059256008079;-6.3120559;0.0302;0.176
"#B";533.517572344154;-7.2820659;0.0316;0.191
"#J";530.754180388624;-6.806761;0.0271;0.155
"#G";530.065090342686;-8.5430789;0.0259;0.165
"09";525.574923298287;-8.6206797;0.0279;0.196
"08";525.524499904619;-6.806761;0.0276;0.2
"#F";524.106859333094;-6.8358613;0.0265;0.143
"#A";521.817017737061;-8.3199766;0.0392;0.207
"#D";519.216717758587;NA;0.0346;0.146
"10";519.216717758587;-8.358777;0.0266;0.212
"05";519.211902791144;-5.351746;0.0272;0.167
"01";517.823328945307;-6.4963578;0.029;0.146
"03";516.784287686845;-7.4566677;0.0298;0.147
"#L";516.575260731677;-8.4460779;0.0285;0.159
"#E";515.003883480503;-6.3411562;0.0299;0.141
"07";515.000970872871;-7.9804731;0.0257;0.174
"02";510.88256967722;-6.2053548;0.0259;0.195
"#H";510.756301967974;-8.4751782;0.0271;0.166
"#M";509.607692249636;-7.9998733;0.0295;0.154
"#K";509.116882454314;-6.224755;0.0277;0.148
"#C";507.799172902044;-7.8058713;0.0301;0.201
"06";504.194406950335;-5.3420459;0.0271;0.177
"#I";504.063488064748;-5.1674441;0.0284;0.191
"#B";497.908626155442;-7.3790669;0.0303;0.129
"#G";495.395801354836;-8.3296767;0.0278;0.161
"#J";495.370568362716;NA;0.0212;0.157
"09";490.407993409569;-8.4072775;0.0278;0.194
"08";490.169358487452;-7.8252715;0.0282;0.171
"#F";489.976530050165;-8.0095734;0.0313;0.171
"#A";486.590176637383;-7.0880639;0.0325;0.142
"#D";484.780362638587;-11.3561079;0.0397;0.293
"10";484.780362638587;-7.34026649999999;0.0266;0.165
"05";484.542051838641;-5.4293468;0.028;0.136
"01";483.591769987869;-6.3411562;0.0272;0.178
"#L";482.136910016232;-7.3693668;0.0256;0.163
"03";481.959541870477;-9.3384871;0.0315;0.197
"07";480.288454993455;-8.0871742;0.0272;0.201
"#E";480.004166648582;NA;0.0314;0.203
"#H";477.21797954394;-7.1365644;0.0246;0.182
"02";477.045071245894;-5.6330489;0.026;0.198
"#K";475.17575695736;-6.5642585;0.0268;0.176
"#M";473.207142803234;-7.873772;0.0306;0.153
"#C";471.458375681247;-6.1762545;0.0265;0.154
"06";468.180520739597;-5.3905464;0.027;0.144
"#I";468.068371074141;-5.4778473;0.0288;0.154
"#B";462.299686350748;-7.4566677;0.0299;0.128
"#G";460.72660005691;-9.2026857;0.0277;0.199
"#J";459.986956336807;NA;0.0281;0.362
"08";455.803685812215;-7.5439686;0.0276;0.157
"09";455.482162109561;-8.48487829999999;0.0279;0.168
"#F";455.329550984779;-5.9919526;0.0299;0.178
"#A";452.356054452684;-8.2035754;0.0335;0.103
"#D";449.898877526939;-7.4275674;0.0386;0.161
"10";449.898877526939;-9.5033888;0.0268;0.198
"05";449.87220407578;-4.8958413;0.0274;0.204
"01";448.469619929823;-5.7106497;0.029;0.155
"03";447.755513645561;-6.9328623;0.0279;0.148
"#L";447.698559300787;-6.7291602;0.0266;0.131
"07";446.556827290772;-9.2608863;0.0273;0.134
"#E";446.004484282389;-7.4372675;0.0306;0.169
"02";442.377666705723;-5.5166477;0.0273;0.158
"#H";442.332454156373;-5.2353448;0.0234;0.149
"#K";441.234631460406;-7.1559646;0.0289;0.158
"#M";436.806593356831;-8.0871742;0.0276;0.169
"#C";435.239014795319;-6.224755;0.0274;0.132
"06";432.166634528859;-6.6806597;0.0273;0.159
"#I";432.074067724505;-3.8773308;0.0263;0.165
"#B";427.307851554357;-6.5836587;0.0283;0.161
"#G";425.516157155049;-9.6488903;0.0277;0.146
"#J";424.603344310899;-6.7291602;0.0284;0.158
"08";420.448569982108;-9.5130889;0.0273;0.172
"#F";420.343906819166;-6.0986537;0.0271;0.171
"09";420.315357796976;-9.0959846;0.0279;0.154
"#A";417.008393200904;-6.3314561;0.0322;0.159
"#D";415.462393003266;-7.0589636;0.0335;0.159
"10";415.462393003266;-10.0659946;0.0268;0.225
"05";415.202360301576;-6.6030589;0.0277;0.192
"01";414.237854378375;-5.97255239999999;0.0286;0.131
"03";413.551689635044;-6.70976;0.0278;0.135
"#L";413.260208585342;-6.6709596;0.0266;0.136
"#E";412.004854340334;-8.843782;0.0286;0.166
"07";411.844630898595;-9.8913928;0.0274;0.188
"#H";408.794569435554;-5.6233488;0.0281;0.156
"02";408.540083712725;-7.3499666;0.0271;0.153
"#K";407.293505963451;-6.9813628;0.0283;0.136
"#M";400.406043910428;-9.9883938;0.0357;0.182
"#C";398.898483326272;-6.0598533;0.0263;0.174
"06";396.15274831812;-8.3005764;0.0274;0.154
"#I";396.080799837609;-5.2256447;0.0273;0.17
"#B";391.081832868774;-6.8843618;0.0291;0.196
"#G";390.847796463022;-9.9689936;0.0301;0.178
"#J";389.219732284991;-6.9910629;0.0295;0.165
"09";385.389413450863;-9.1638853;0.0282;0.165
"#F";385.35827485601;-6.7970609;0.0289;0.179
"08";385.093495141115;-9.8816927;0.0271;0.165
"#A";382.774084807214;NA;0.0342;0.193
"#D";381.026245815167;-7.1850649;0.0339;0.148
"10";380.581134582365;-8.8340819;0.0268;0.215
"05";380.532521606235;-5.7785504;0.028;0.153
"01";380.006578890419;-5.8852515;0.028;0.147
"#L";378.821857869896;-7.0395634;0.0267;0.168
"03";378.726814471856;-7.3208663;0.0297;0.144
"07";377.132602674444;-9.5809896;0.0274;0.158
"#E";377.001326257614;-9.0862845;0.0288;0.172
"#H";374.797278538679;-4.7794401;0.0277;0.158
"02";374.702548696963;-7.09776399999999;0.027;0.161
"#K";373.352380466497;-7.3790669;0.0268;0.142
"#M";364.005494464026;-8.7661812;0.029;0.205
"#C";362.678921361581;-6.4575574;0.0262;0.172
"06";360.138862107382;-8.0871742;0.0281;0.173
"#I";360.088877917661;-6.1762545;0.0271;0.151
"#G";356.17972991174;-9.5615894;0.028;0.174
"#B";356.089876295297;NA;0.0319;0.247
"#J";353.836120259083;-9.3869876;0.0352;0.171
"08";350.727814693959;-9.2220859;0.0272;0.185
"#F";350.372658750651;NA;0.0322;0.232
"09";350.222786237561;-7.8446717;0.0282;0.162
"#A";347.547119107611;-6.52545809999999;0.0365;0.157
"05";346.698716467194;-5.5748483;0.0279;0.174
"#D";346.144478505725;-9.7361912;0.0382;0.135
"10";346.144478505725;-9.8719926;0.0268;0.194
"01";344.884038482502;-6.6612595;0.0276;0.157
"03";344.522858457897;-6.3023558;0.0281;0.178
"#L";344.383507154451;-7.7864711;0.0265;0.162
"#E";343.00145772285;-8.6109796;0.0285;0.176
"07";342.420793761127;-9.1250849;0.0274;0.156
"02";340.035292285963;-6.6709596;0.0269;0.182
"#H";339.911753253694;-6.1568543;0.0259;0.17
"#K";339.411254969543;-7.4081672;0.0271;0.168
"#M";327.604945017623;-9.4742885;0.0287;0.181
"#C";326.459798443851;-6.6030589;0.0301;0.148
"06";324.124975896644;-9.5712895;0.0273;0.145
"#I";324.098750383274;-6.2344551;0.0265;0.172
"#G";320.669611906086;-9.0183838;0.0272;0.129
"#B";319.864033614284;-9.7264911;0.0317;0.208
"#J";318.452508233174;-7.776771;0.0314;0.189
"#F";315.387063780365;-6.0016527;0.0289;0.159
"08";315.372795275686;-8.552779;0.0272;0.172
"09";315.296685678743;-5.9628523;0.0279;0.213
"#A";313.312942598929;-6.1665544;0.0323;0.144
"05";312.028844820475;-6.0986537;0.0281;0.15
"#D";311.708196876502;-8.7079806;0.036;0.172
"10";311.263553921753;-9.0765844;0.0267;0.2
"01";310.652539020688;-6.6224591;0.0267;0.158
"#L";309.945156439006;-9.03778399999999;0.0264;0.115
"03";309.698240227483;-6.2926557;0.0282;0.182
"#E";309.001618118741;-8.7952815;0.0285;0.176
"07";308.690783795046;-9.910793;0.0273;0.158
"#H";306.37395450658;-7.6312695;0.026;0.21
"02";306.19764858666;-6.8455614;0.0271;0.175
"#K";305.470129472589;-6.8746617;0.0268;0.202
"#M";291.204395571221;-9.7361912;0.0314;0.136
"#C";290.118941125877;-5.7979506;0.0275;0.181
"#I";288.111089685906;-4.5951382;0.0259;0.192
"06";288.111089685906;-8.9019826;0.0269;0.165
"#G";285.159604432325;-10.5703998;0.0524;0.199
"#B";284.871901036238;-8.1938753;0.0293;0.178
"#J";283.068896207266;-9.4160879;0.0328;0.227
"#F";280.401497856199;-6.0792535;0.0298;0.167
"09";280.130326812361;-7.291766;0.0279;0.199
"08";280.017856573469;-8.7564811;0.0273;0.176
"#A";278.086317534682;-6.3993568;0.0327;0.168
"05";277.358973173755;-6.5060579;0.028;0.184
"#D";276.826660565777;-6.52545809999999;0.0365;0.141
"10";276.826660565777;-9.2608863;0.0272;0.176
"01";275.530397597071;-7.2238653;0.0292;0.174
"#L";275.506805723561;-9.4645884;0.0288;0.164
"03";275.494101570251;-7.5439686;0.0278;0.173
"#E";274.001824811442;-9.1735854;0.0279;0.133
"07";273.979926271981;-10.3472975;0.0275;0.16
"#H";272.376577553945;-6.6709596;0.0249;0.186
"02";272.360055808483;-7.1656647;0.0311;0.158
"#K";271.529003975634;-6.5933588;0.0268;0.183
"#M";254.803846124818;-9.7749916;0.0296;0.168
"#C";253.899586451022;-6.0792535;0.0307;0.124
"#I";252.097203475168;-5.5942485;0.0247;0.163
"06";252.097203475168;-8.7661812;0.0271;0.184
"#G";249.110417285187;-8.552779;0.027;0.172
"#B";248.646335183127;NA;0.0274;0.188
"#J";247.685284181358;-8.0968743;0.0307;0.153
"08";245.652193151211;-9.1250849;0.0272;0.181
"#F";245.415973400266;-9.0571842;0.0318;0.205
"09";245.203996704785;-7.5924691;0.0279;0.207
"#A";243.852414382142;-6.70976;0.031;0.173
"05";242.689101527036;-6.8843618;0.0277;0.186
"#D";242.390181319294;-7.9513728;0.0373;0.175
"10";241.946275028156;-6.5545584;0.027;0.191
"01";241.298570240273;NA;0.0469;0.166
"03";241.290281611175;-8.2035754;0.0276;0.162
"#L";241.068455008116;-9.7070909;0.029;0.147
"07";240.251951084689;-10.395798;0.0277;0.138
"#E";240.002083324291;-8.6594801;0.0274;0.135
"02";238.522535622947;-6.8455614;0.0306;0.161
"#K";237.58787847868;-9.1153848;0.0278;0.172
"#H";237.491052463035;-6.9134621;0.0246;0.158
"#M";218.403296678416;-9.6585904;0.0284;0.185
"#C";217.680959204061;-5.836751;0.0302;0.148
"#I";216.083317264429;-6.4672575;0.025;0.189
"06";216.083317264429;-10.5024991;0.0273;0.14
"#B";213.653925777178;-8.8243818;0.0311;0.206
"#G";213.600093632938;-8.164775;0.026;0.166
"#J";212.30167215545;-6.8940619;0.0305;0.137
"#F";210.430511095706;-7.5245684;0.0311;0.161
"08";210.297408448131;-8.9213828;0.0271;0.163
"09";210.038091783372;-7.4566677;0.0281;0.128
"#A";208.504196600452;-6.1956547;0.0311;0.146
"05";208.019229880317;-5.9919526;0.0279;0.166
"#D";207.509035947835;-7.2335654;0.0354;0.182
"10";207.509035947835;-7.9319726;0.0269;0.185
"01";207.171426601257;-6.7970609;0.0271;0.178
"#L";206.630104292671;-10.3278973;0.0302;0.145
"03";206.465493484989;-7.09776399999999;0.0275;0.18
"07";205.543182810815;-9.5712895;0.0272;0.197
"#E";205.002439009881;-8.9601832;0.0273;0.147
"#H";203.953426056048;-7.7282705;0.0247;0.138
"02";203.855340866998;-7.4566677;0.0312;0.171
"#K";203.646752981726;-8.3878773;0.0279;0.161
"#M";182.002747232013;-9.03778399999999;0.0272;0.166
"#C";181.339460680791;-5.64274899999999;0.0298;0.121
"#I";180.069431053691;-6.54485829999999;0.0267;0.166
"06";180.069431053691;-9.9495934;0.0271;0.172
"#G";178.08986495587;-9.0765844;0.0297;0.213
"#B";177.428858982974;-6.54485829999999;0.0291;0.156
"#J";176.918060129541;-8.940783;0.033;0.17
"#F";175.445148123281;-7.3305664;0.028;0.14
"09";175.11139311878;-8.6303798;0.0296;0.211
"08";174.942847810363;-9.0765844;0.0274;0.173
"#A";174.269905606218;NA;0.0369;0.173
"05";173.349358233597;-5.8076507;0.0265;0.172
"#D";173.072239252862;-7.9416727;0.0367;0.186
"10";172.629661414254;-9.3384871;0.0269;0.156
"03";172.261429228948;-7.6991702;0.0282;0.142
"#L";172.191753577226;-10.0368943;0.0278;0.185
"01";171.944758570885;-7.1074641;0.0302;0.196
"#E";171.00292395161;-8.7176807;0.0274;0.139
"07";170.83617883809;-9.2026857;0.0273;0.153
"02";170.017646142981;-7.4372675;0.0313;0.164
"#H";169.955876626847;-7.1365644;0.0242;0.171
"#K";169.705627484771;-8.0095734;0.0271;0.165
"#M";145.60219778561;-8.2714761;0.0268;0.177
"#C";145.120639469374;-5.7106497;0.0292;0.129
"#I";144.055544842953;NA;0.0268;0.197
"06";144.055544842953;-9.6682905;0.0271;0.139
"#G";142.579802216162;-8.2326757;0.0254;0.188
"#B";142.435950518119;-8.24237579999999;0.0314;0.222
"#J";141.534448103633;-9.03778399999999;0.0318;0.171
"08";140.577380826362;-8.9989836;0.0279;0.181
"09";139.946418317869;-7.3790669;0.028;0.167
"#F";139.942845476287;-6.8552615;0.0278;0.161
"#A";139.043158767341;-6.0501532;0.0338;0.17
"05";138.679486586878;-5.4390469;0.0281;0.13
"#D";138.636214604987;-8.1744751;0.0373;0.164
"10";138.19189556555;-9.2220859;0.0272;0.201
"01";137.818721514894;-6.8455614;0.03;0.151
"#L";137.753402861781;-10.5315994;0.0276;0.196
"03";137.437258412703;-7.3014661;0.0306;0.162
"07";137.116738584317;-8.3975774;0.0275;0.192
"#E";137.003649586425;-8.7564811;0.03;0.196
"02";136.180027904242;-6.7776607;0.0313;0.185
"#K";135.764501987817;-8.5430789;0.0289;0.175
"#H";135.532283976918;-7.000763;0.0247;0.172
"#M";109.201648339208;-9.5324891;0.0271;0.155
"#C";108.779593674549;-6.8552615;0.0258;0.162
"#I";108.041658632215;-6.5351582;0.0256;0.168
"06";108.041658632215;-9.0474841;0.0272;0.168
"#G";107.070070514593;-8.4654781;0.0258;0.144
"#B";106.212052046837;-9.03778399999999;0.0274;0.172
"#J";106.150836077725;-9.2511862;0.0284;0.143
"#F";105.475115548645;-6.8843618;0.0279;0.158
"08";105.223571503727;-8.4945784;0.0275;0.178
"09";105.019045891686;NA;0.0291;0.319
"#A";104.809350727881;-5.8270509;0.0324;0.168
"05";104.009614940158;-6.3508563;0.028;0.144
"#D";103.754517973918;-8.8631822;0.0384;0.164
"10";103.754517973918;-9.9689936;0.0279;0.172
"01";103.585713300628;-7.1462645;0.0299;0.148
"#L";103.315052146335;-9.4742885;0.0263;0.14
"03";103.232746742494;-7.6409696;0.0286;0.179
"07";102.591422643416;-8.5139786;0.0272;0.148
"02";102.342562016006;-8.0386737;0.0308;0.144
"#E";102;-8.6885804;0.0285;0.158
"#K";101.823376490863;-8.9116827;0.0278;0.156
"#H";101.533245786787;-7.3111662;0.0239;0.168
"#M";72.8010988928052;-9.4063878;0.0258;0.192
"#C";72.5603197346869;-7.4081672;0.0273;0.172
"#I";72.0277724214764;-6.0695534;0.0257;0.14
"06";72.0277724214764;-9.7361912;0.0272;0.143
"#G";71.5611626512594;-8.6012795;0.0268;0.146
"#B";71.2179752590594;-9.0571842;0.0295;0.171
"#J";70.7672240518165;-9.6973908;0.0284;0.146
"#F";69.9714227381436;-7.388767;0.0305;0.159
"08";69.8713102782537;-9.8719926;0.0294;0.172
"09";69.8569967862919;-9.3966877;0.0274;0.158
"#A";69.5844810284592;NA;0.0376;0.227
"05";69.3397432934389;-5.7203498;0.028;0.195
"#D";69.3181073024935;-8.9310829;0.0376;0.168
"03";69.0289794216893;-8.0095734;0.0329;0.153
"#L";68.8767014308903;-9.36758739999999;0.0249;0.144
"10";68.8767014308903;-9.8428923;0.0269;0.188
"01";68.3593446428504;-6.8649616;0.0284;0.169
"07";68.0661443009665;-8.8340819;0.0274;0.171
"#E";68;-8.2908763;0.0284;0.142
"#K";67.8822509939086;-9.6779906;0.0277;0.177
"02";67.6756972627545;-7.9610729;0.0308;0.182
"#H";67.5351760196122;-8.552779;0.0246;0.191
"#M";36.4005494464026;-9.4936887;0.0267;0.129
"#C";36.3455636907725;-7.7670709;0.0275;0.153
"#I";36.0138862107382;-6.1568543;0.0261;0.158
"06";36.0138862107382;-9.5712895;0.027;0.163
"#F";35.5105618091294;-7.1462645;0.0293;0.172
"#G";35.5105618091294;-8.4945784;0.0288;0.146
"08";35.5105618091294;-9.2802865;0.0293;0.206
"#J";35.3836120259083;-9.3190869;0.0278;0.144
"#A";35.3553390593274;-6.5060579;0.0318;0.142
"#B";35;-8.1938753;0.0305;0.161
"09";34.7131099154196;-9.134785;0.0267;0.186
"05";34.6698716467194;-5.40024649999999;0.0282;0.198
"07";34.5253530032641;-8.8631822;0.0272;0.181
"#D";34.4383507154451;-8.9698833;0.0366;0.142
"#L";34.4383507154451;-9.7458913;0.0255;0.183
"01";34.2344855372474;-7.0686637;0.029;0.166
"03";34.2052627529741;-8.0871742;0.034;0.171
"10";34.0147027033899;-10.007794;0.029;0.16
"#K";33.9411254969543;-9.9301932;0.0283;0.154
"02";33.8378486313773;-8.4363778;0.03;0.142
"#H";33.1209903233584;-8.9213828;0.0255;0.13
"#E";33;-8.1744751;0.0287;0.17
"#A";0;-6.4866577;0.0328;0.165
"#B";0;-9.231786;0.0346;0.171
"#C";0;-8.9310829;0.0284;0.159
"#D";0;-10.0465944;0.036;0.21
"#E";0;-8.4460779;0.0279;0.171
"#F";0;-9.4451882;0.053;0.203
"#G";0;-8.48487829999999;0.0282;0.139
"#H";0;-8.5236787;0.0252;0.14
"#I";0;-6.3993568;0.0261;0.145
"#J";0;-9.2608863;0.0285;0.173
"#K";0;-9.6294901;0.0273;0.159
"#L";0;-9.7652915;0.0263;0.169
"#M";0;-9.4742885;0.027;0.145
"01";0;-6.5642585;0.0283;0.134
"02";0;-8.7176807;0.0299;0.197
"03";0;-8.1938753;0.0353;0.163
"05";0;-5.1771442;0.028;0.161
"06";0;-8.8825824;0.0262;0.152
"07";0;-8.8728823;0.0274;0.145
"08";0;-8.8922825;0.0288;0.167
"09";0;-9.2996867;0.0267;0.187
"10";0;-9.1541852;0.0268;0.221
