Analysis	time after start single run (h)	east-west (um)	north-south (um)	primary current (nA)	16O ions per sec	18O/16O measured	1SE (permil)	16O1H/16O measured	DT-FA-x (digits)	DT-FA-y (digits)	entrance slit x (digits)	18O/16O IMF corrected	d18O SMOW	comment										
A-S88@01	0.28	2295	7490	2.61	2.23E+09	0.00204958	0.105	0.0273	7	-15	-29	0.00205335	24.01											
A-S88@02	0.37	2260	7485	2.61	2.23E+09	0.00205150	0.167	0.0265	7	-15	-30	0.00205528	24.98											
A-S88@03	0.43	2225	7480	2.61	2.24E+09	0.00205329	0.179	0.0258	6	-15	-30	0.00205707	25.87											
A-S88@04	0.50	2190	7476	2.61	2.25E+09	0.00205171	0.153	0.0252	6	-15	-31	0.00205548	25.08											
A-S88@05	0.57	2156	7472	2.61	2.25E+09	0.00205129	0.170	0.0239	6	-14	-29	0.00205507	24.87											
A-S88@06	0.65	2121	7468	2.61	2.24E+09	0.00205022	0.137	0.0236	6	-13	-29	0.00205399	24.33											
A-S88@07	0.72	2087	7464	2.60	2.25E+09	0.00205033	0.154	0.0244	6	-13	-28	0.00205410	24.39											
A-S88@08	0.78	2052	7459	2.60	2.22E+09	0.00205039	0.183	0.0237	6	-12	-24	0.00205416	24.42											
A-S88@09	0.85	2018	7455	2.60	2.22E+09	0.00204883	0.135	0.0248	6	-13	-28	0.00205261	23.64											
A-S88@10	0.93	1983	7451	2.60	2.23E+09	0.00204928	0.151	0.0259	5	-13	-26	0.00205306	23.87											
A-S88@11	1.00	1949	7447	2.60	2.22E+09	0.00204849	0.159	0.0281	6	-11	-27	0.00205226	23.47											
A-S88@12	1.07	1914	7443	2.60	2.24E+09	0.00204703	0.158	0.0285	6	-12	-27	0.00205080	22.74											
A-S88@13	1.13	1880	7439	2.60	2.22E+09	0.00204874	0.152	0.0252	6	-12	-26	0.00205251	23.60											
A-S88@14	1.22	1845	7434	2.60	2.20E+09	0.00205075	0.131	0.0291	5	-11	-25	0.00205453	24.60											
A-S88@15	1.28	1811	7430	2.59	2.17E+09	0.00205211	0.157	0.0332	7	-11	-24	0.00205589	25.28											
A-S88@16	1.35	1776	7426	2.59	2.21E+09	0.00205458	0.175	0.0290	5	-12	-24	0.00205836	26.51											
A-S88@17	1.42	1742	7422	2.59	2.21E+09	0.00205257	0.180	0.0307	7	-11	-27	0.00205635	25.51											
A-S88@18	1.48	1707	7418	2.59	2.21E+09	0.00205227	0.167	0.0303	5	-11	-25	0.00205605	25.36											
A-S88@19	1.57	1673	7414	2.59	2.21E+09	0.00205154	0.145	0.0308	3	-11	-26	0.00205531	24.99											
A-S88@20	1.63	1638	7409	2.59	2.22E+09	0.00205112	0.162	0.0312	4	-11	-25	0.00205489	24.78											
A-S88@21	1.85	1604	7405	2.52	2.18E+09	0.00205046	0.131	0.0308	5	-10	-25	0.00205423	24.45											
A-S88@22	1.92	1569	7401	2.52	2.16E+09	0.00205018	0.158	0.0311	5	-10	-25	0.00205396	24.31											
A-S88@23	1.98	1534	7397	2.52	2.16E+09	0.00205109	0.136	0.0308	5	-9	-24	0.00205486	24.77											
A-S88@24	2.05	1500	7393	2.52	2.17E+09	0.00205049	0.131	0.0306	6	-8	-26	0.00205426	24.47											
A-S88@25	2.13	1465	7388	2.52	2.17E+09	0.00205037	0.184	0.0293	7	-9	-26	0.00205415	24.41											
A-S88@26	2.20	1431	7384	2.51	2.16E+09	0.00204999	0.156	0.0287	6	-8	-25	0.00205376	24.22											
A-S88@27	2.27	1396	7380	2.51	2.15E+09	0.00204919	0.156	0.0299	5	-9	-23	0.00205296	23.82											
A-S88@28	2.33	1362	7376	2.51	2.14E+09	0.00204622	0.207	0.0392	5	-9	-26	0.00204999	22.34											
A-S88@29	2.42	1327	7372	2.51	2.13E+09	0.00204876	0.142	0.0325	5	-8	-23	0.00205253	23.61											
A-S88@30	2.48	1293	7368	2.51	2.09E+09	0.00204646	0.103	0.0335	4	-8	-24	0.00205023	22.46											
A-S88@31	2.55	1258	7363	2.51	2.15E+09	0.00205033	0.159	0.0322	6	-9	-25	0.00205411	24.39											
A-S88@32	2.62	1224	7359	2.51	2.01E+09	0.00204567	0.193	0.0342	6	-8	-24	0.00204944		somewhat low count rate, discard										
A-S88@33	2.68	1189	7355	2.51	2.10E+09	0.00204993	0.157	0.0365	5	-8	-26	0.00205370	24.19											
A-S88@34	2.77	1155	7351	2.50	2.15E+09	0.00205067	0.144	0.0323	5	-7	-24	0.00205445	24.56											
A-S88@35	2.83	1120	7347	2.50	2.14E+09	0.00205019	0.168	0.0327	5	-8	-23	0.00205396	24.32											
A-S88@36	2.90	1086	7343	2.50	2.13E+09	0.00204955	0.173	0.0310	5	-8	-26	0.00205333	24.00											
A-S88@37	2.97	1051	7338	2.50	2.13E+09	0.00205061	0.146	0.0311	6	-7	-24	0.00205439	24.53											
A-S88@38	3.03	1017	7334	2.50	1.90E+09	0.00204430	0.173	0.0369	6	-7	-25	0.00204806		low countrate, discard										
A-S88@39	3.12	982	7330	2.50	2.14E+09	0.00205091	0.170	0.0338	6	-7	-25	0.00205468	24.68											
A-S88@40	3.18	948	7326	2.50	2.14E+09	0.00205136	0.168	0.0324	5	-7	-25	0.00205514	24.91											
A-S88@41	3.40	913	7322	2.50	1.62E+09	0.00204420	0.227	0.0376	5	-6	-23	0.00204797		low countrate, discard										
A-S88@42	3.47	879	7318	2.50	2.12E+09	0.00204997	0.142	0.0318	5	-7	-23	0.00205375	24.21											
A-S88@43	3.53	844	7313	2.50	2.12E+09	0.00205001	0.165	0.0328	5	-6	-25	0.00205378	24.23											
A-S88@44	3.60	809	7310	2.49	2.12E+09	0.00205020	0.169	0.0334	6	-7	-25	0.00205398	24.33											
B-S88@01	3.67	-4555	5378	2.49	2.13E+09	0.00204990	0.158	0.0236	21	-12	-25	0.00205368	24.17											
B-S88@02	3.75	-4528	5399	2.48	2.14E+09	0.00204968	0.164	0.0235	22	-12	-24	0.00205345	24.06											
B-S88@03	3.82	-4501	5420	2.49	2.15E+09	0.00205176	0.150	0.0235	22	-12	-24	0.00205554	25.10											
B-S88@04	3.88	-4474	5442	2.48	2.14E+09	0.00205124	0.121	0.0224	22	-13	-24	0.00205501	24.84											
B-S88@05	3.95	-4447	5464	2.48	2.14E+09	0.00205093	0.159	0.0239	21	-12	-25	0.00205470	24.69											
B-S88@06	4.02	-4420	5486	2.48	2.13E+09	0.00204953	0.184	0.0219	22	-12	-26	0.00205330	23.99											
B-S88@06	4.02	-4420	5486	2.48	2.13E+09	0.00204953	0.184	0.0219	22	-12	-26	0.00205330	23.99											
B-S88@07	4.08	-4393	5508	2.48	2.14E+09	0.00205022	0.148	0.0222	22	-11	-25	0.00205399	24.33											
B-S88@08	4.17	-4366	5530	2.48	2.13E+09	0.00204993	0.168	0.0227	22	-13	-26	0.00205370	24.19											
B-S88@09	4.23	-4339	5552	2.48	2.14E+09	0.00204822	0.134	0.0242	21	-12	-25	0.00205199	23.34											
B-S88@10	4.30	-4312	5574	2.48	2.12E+09	0.00204828	0.163	0.0236	22	-12	-23	0.00205205	23.37											
B-S88@11	4.37	-4285	5596	2.48	2.14E+09	0.00204686	0.168	0.0257	21	-11	-24	0.00205062	22.65											
B-S88@12	4.43	-4258	5618	2.48	2.12E+09	0.00204995	0.204	0.0235	21	-13	-26	0.00205372	24.20											
B-S88@13	4.50	-4231	5640	2.48	2.13E+09	0.00205077	0.171	0.0246	21	-12	-26	0.00205454	24.61											
B-S88@14	4.58	-4204	5662	2.47	2.11E+09	0.00205300	0.196	0.0265	21	-11	-25	0.00205678	25.72											
B-S88@15	4.65	-4177	5684	2.47	2.15E+09	0.00205510	0.163	0.0240	21	-13	-26	0.00205889	26.77	high, but otherwis normal.  Keep										
B-S88@16	4.72	-4150	5706	2.47	2.14E+09	0.00205122	0.171	0.0290	21	-12	-27	0.00205499	24.83											
B-S88@17	4.93	-4123	5728	2.47	2.15E+09	0.00205158	0.123	0.0277	21	-12	-27	0.00205536	25.02											
B-S88@18	5.00	-4096	5750	2.46	2.13E+09	0.00205019	0.118	0.0292	21	-12	-26	0.00205396	24.32											
B-S88@19	5.07	-4069	5772	2.46	2.17E+09	0.00204904	0.167	0.0284	21	-12	-28	0.00205281	23.74											
B-S88@20	5.13	-4042	5794	2.46	2.14E+09	0.00204997	0.146	0.0289	22	-12	-28	0.00205374	24.21											
B-S88@21	5.20	-4015	5816	2.46	2.14E+09	0.00204913	0.177	0.0274	21	-11	-27	0.00205290	23.79											
B-S88@22	5.27	-3988	5838	2.46	2.12E+09	0.00204930	0.140	0.0289	20	-11	-23	0.00205307	23.87											
B-S88@23	5.35	-3961	5860	2.46	2.14E+09	0.00204698	0.157	0.0304	20	-11	-26	0.00205074	22.71											
B-S88@24	5.42	-3933	5882	2.46	2.14E+09	0.00204718	0.173	0.0302	20	-12	-25	0.00205095	22.81											
B-S88@25	5.48	-3905	5904	2.45	2.10E+09	0.00204838	0.191	0.0316	20	-11	-25	0.00205215	23.41											
B-S88@26	5.55	-3877	5926	2.45	2.09E+09	0.00204816	0.129	0.0303	20	-12	-24	0.00205193	23.31											
B-S88@27	5.62	-3849	5948	2.45	2.13E+09	0.00204800	0.128	0.0299	19	-12	-24	0.00205177	23.23											
B-S88@28	5.68	-3821	5969	2.45	2.14E+09	0.00204981	0.161	0.0283	20	-12	-26	0.00205358	24.13											
B-S88@29	5.77	-3793	5992	2.45	2.11E+09	0.00204918	0.196	0.0291	20	-11	-25	0.00205296	23.82											
B-S88@30	5.83	-3765	6013	2.45	1.91E+09	0.00204139	0.247	0.0319	20	-12	-25	0.00204514		low countrate, discard										
B-S88@31	5.90	-3737	6036	2.45	2.00E+09	0.00204333	0.208	0.0317	20	-12	-25	0.00204709	20.89	somwaht low countrate										
B-S88@32	5.97	-3709	6057	2.45	2.07E+09	0.00204648	0.178	0.0293	19	-12	-24	0.00205025	22.47											
B-S88@33	6.03	-3681	6080	2.45	2.15E+09	0.00204954	0.188	0.0274	19	-12	-26	0.00205331		low countrate, discard										
B-S88@34	6.10	-3653	6101	2.45	1.77E+09	0.00204520	0.206	0.0311	18	-11	-22	0.00204896	21.82											
B-S88@35	6.17	-3625	6124	2.45	2.12E+09	0.00204989	0.156	0.0291	19	-12	-25	0.00205366	24.17											
B-S88@36	6.25	-3597	6145	2.45	2.01E+09	0.00204640	0.222	0.0314	19	-12	-24	0.00205017	22.42											
B-S88@37	6.45	-3569	6168	2.45	2.15E+09	0.00204475	0.172	0.0274	20	-12	-27	0.00204851	21.60											
B-S88@38	6.52	-3541	6189	2.45	2.09E+09	0.00204472	0.171	0.0295	19	-12	-25	0.00204848	21.58											
B-S88@39	6.60	-3513	6212	2.45	2.14E+09	0.00204650	0.161	0.0305	20	-12	-27	0.00205026	22.47											
B-S88@40	6.67	-3485	6233	2.44	1.95E+09	0.00204435	0.171	0.0346	19	-12	-25	0.00204812	21.40											
B-S88@41	6.73	-3457	6255	2.44	2.12E+09	0.00204579	0.179	0.0312	18	-12	-27	0.00204955	22.12											
B-S88@42	6.80	-3429	6277	2.44	2.13E+09	0.00204494	0.158	0.0318	18	-12	-26	0.00204871	21.70											
C-S88@01	6.87	-2482	5922	2.44	2.10E+09	0.00205458	0.162	0.0213	16	-6	-25	0.00205836	26.51											
C-S88@02	6.93	-2447	5917	2.44	2.11E+09	0.00205419	0.180	0.0234	16	-6	-24	0.00205797	26.32											
C-S88@03	7.00	-2412	5912	2.44	2.12E+09	0.00205285	0.170	0.0256	15	-5	-24	0.00205662	25.65											
C-S88@04	7.07	-2377	5908	2.44	2.13E+09	0.00205248	0.188	0.0247	16	-6	-25	0.00205625	25.46											
C-S88@05	7.15	-2342	5903	2.44	2.10E+09	0.00205257	0.152	0.0265	16	-6	-24	0.00205635	25.51											
C-S88@06	7.22	-2307	5899	2.44	2.10E+09	0.00205454	0.135	0.0235	16	-5	-25	0.00205832	26.49											
C-S88@07	7.28	-2272	5895	2.43	2.11E+09	0.00205355	0.169	0.0230	15	-5	-25	0.00205733	26.00											
C-S88@08	7.35	-2237	5890	2.43	2.12E+09	0.00205232	0.145	0.0230	15	-6	-25	0.00205610	25.38											
C-S88@09	7.42	-2202	5886	2.43	2.10E+09	0.00205212	0.174	0.0227	16	-6	-27	0.00205590	25.28											
C-S88@10	7.48	-2167	5881	2.43	2.10E+09	0.00205240	0.146	0.0225	15	-4	-27	0.00205617	25.42											
C-S88@11	7.55	-2132	5877	2.43	2.11E+09	0.00205223	0.152	0.0225	17	-5	-28	0.00205601	25.34											
C-S88@12	7.63	-2097	5873	2.42	2.09E+09	0.00205232	0.150	0.0206	16	-5	-26	0.00205609	25.38											
C-S88@13	7.70	-2062	5868	2.43	2.11E+09	0.00205301	0.155	0.0232	15	-5	-26	0.00205679	25.73											
C-S88@14	7.90	-2027	5864	2.42	2.10E+09	0.00205139	0.168	0.0229	15	-6	-28	0.00205516	24.92											
C-S88@15	7.97	-1992	5860	2.42	2.11E+09	0.00205451	0.158	0.0228	15	-5	-26	0.00205829	26.48											
C-S88@16	8.05	-1957	5855	2.42	2.09E+09	0.00205223	0.184	0.0234	16	-5	-25	0.00205601	25.34											
C-S88@17	8.12	-1922	5851	2.42	2.09E+09	0.00205314	0.197	0.0231	15	-5	-27	0.00205692	25.79											
C-S88@18	8.18	-1887	5847	2.42	2.09E+09	0.00205304	0.132	0.0247	15	-5	-27	0.00205682	25.74											
C-S88@19	8.25	-1852	5842	2.42	2.10E+09	0.00205399	0.188	0.0247	15	-5	-25	0.00205777	26.22											
C-S88@20	8.32	-1817	5838	2.42	2.08E+09	0.00205312	0.182	0.0258	16	-4	-27	0.00205690	25.78											
C-S88@21	8.38	-1782	5833	2.42	2.10E+09	0.00205438	0.160	0.0247	15	-5	-27	0.00205816	26.41											
C-S88@22	8.45	-1747	5829	2.41	2.08E+09	0.00205505	0.141	0.0256	16	-4	-27	0.00205884	26.75											
C-S88@23	8.52	-1712	5825	2.41	2.11E+09	0.00205332	0.155	0.0290	15	-4	-27	0.00205710	25.88											
C-S88@24	8.58	-1676	5820	2.41	2.12E+09	0.00205336	0.171	0.0295	15	-5	-26	0.00205714	25.90											
C-S88@25	8.65	-1640	5816	2.41	2.11E+09	0.00205116	0.133	0.0294	15	-4	-26	0.00205494	24.81											
C-S88@26	8.72	-1604	5812	2.41	2.12E+09	0.00205156	0.133	0.0287	15	-3	-27	0.00205533	25.00											
C-S88@27	8.80	-1568	5807	2.41	2.10E+09	0.00205259	0.155	0.0285	15	-3	-26	0.00205637	25.52											
C-S88@28	8.87	-1532	5803	2.41	2.11E+09	0.00205095	0.161	0.0272	15	-5	-26	0.00205472	24.70											
C-S88@29	8.93	-1496	5798	2.41	2.06E+09	0.00205181	0.129	0.0282	14	-4	-25	0.00205558	25.13											
C-S88@30	9.00	-1460	5794	2.41	2.07E+09	0.00205001	0.162	0.0278	15	-4	-27	0.00205378	24.23											
C-S88@31	9.07	-1424	5790	2.40	2.09E+09	0.00205156	0.134	0.0254	14	-2	-26	0.00205533	25.00											
C-S88@32	9.13	-1388	5785	2.41	2.10E+09	0.00205128	0.144	0.0274	14	-4	-27	0.00205506	24.86											
C-S88@33	9.20	-1352	5781	2.40	2.09E+09	0.00205173	0.138	0.0282	14	-3	-27	0.00205551	25.09											
C-S88@34	9.42	-1316	5777	2.40	1.99E+09	0.00204730	0.201	0.0301	15	-3	-27	0.00205107	22.87											
C-S88@35	9.48	-1280	5772	2.40	2.10E+09	0.00205065	0.154	0.0265	14	-3	-26	0.00205442	24.55											
C-S88@36	9.55	-1244	5768	2.40	2.09E+09	0.00205054	0.132	0.0274	13	-3	-26	0.00205432	24.50											
C-S88@37	9.62	-1208	5763	2.40	2.09E+09	0.00205089	0.174	0.0263	14	-3	-26	0.00205467	24.67											
C-S88@38	9.68	-1172	5759	2.40	2.08E+09	0.00205008	0.172	0.0262	14	-3	-26	0.00205385	24.26											
C-S88@39	9.75	-1136	5755	2.40	2.01E+09	0.00204976	0.148	0.0301	13	-3	-24	0.00205354	24.11											
C-S88@40	9.82	-1100	5750	2.40	2.07E+09	0.00205143	0.181	0.0275	13	-3	-25	0.00205521	24.94											
C-S88@41	9.88	-1064	5746	2.40	2.11E+09	0.00205085	0.124	0.0307	13	-3	-28	0.00205462	24.65											
C-S88@42	9.95	-1028	5742	2.40	2.10E+09	0.00205136	0.148	0.0302	13	-3	-27	0.00205513	24.90											
C-S88@43	10.02	-992	5737	2.40	2.11E+09	0.00205175	0.121	0.0298	13	-2	-27	0.00205553	25.10											
C-S88@44	10.08	-956	5733	2.40	2.07E+09	0.00205161	0.129	0.0292	13	-3	-25	0.00205539	25.03											
C-S88@45	10.17	-920	5728	2.40	2.03E+09	0.00204925	0.162	0.0258	12	-3	-26	0.00205302	23.85											
C-S88@46	10.23	-884	5724	2.39	2.11E+09	0.00204812	0.172	0.0273	12	-3	-27	0.00205189	23.28											
C-S88@47	10.30	-848	5720	2.39	2.12E+09	0.00204736	0.153	0.0275	12	-3	-28	0.00205113	22.91											
C-S88@48	10.37	-812	5715	2.39	2.10E+09	0.00204496	0.159	0.0284	11	-3	-26	0.00204873	21.71											
C-S88@49	10.43	-776	5711	2.39	2.09E+09	0.00204605	0.161	0.0283	11	-2	-26	0.00204982	22.25											
C-S88@50	10.50	-740	5707	2.39	2.10E+09	0.00204616	0.135	0.0268	12	-3	-27	0.00204992	22.30											
C-S88@51	10.57	-704	5702	2.39	2.09E+09	0.00204658	0.137	0.0257	11	-3	-27	0.00205034	22.51											
C-S88@52	10.63	-668	5698	2.39	2.10E+09	0.00204771	0.159	0.0278	12	-3	-28	0.00205148	23.08											
C-S88@53	10.70	-632	5694	2.39	2.10E+09	0.00204710	0.157	0.0287	12	-3	-27	0.00205087	22.77											
C-S88@54	10.92	-596	5689	2.39	2.11E+09	0.00204701	0.158	0.0289	11	-2	-26	0.00205078	22.73											
C-S88@55	10.98	-560	5685	2.39	2.08E+09	0.00204853	0.120	0.0283	11	-3	-26	0.00205230	23.49											
C-S88@56	11.05	-524	5680	2.39	2.11E+09	0.00204520	0.157	0.0293	10	-3	-25	0.00204896	21.82											
C-S88@57	11.12	-488	5677	2.38	2.12E+09	0.00204462	0.160	0.0302	10	-2	-27	0.00204838	21.53											
D-S88@01	11.18	-2228	3735	2.38	2.04E+09	0.00205433	0.193	0.0253	17	0	-26	0.00205811	26.39											
D-S88@02	11.25	-2260	3750	2.39	2.06E+09	0.00205350	0.177	0.0277	17	-1	-26	0.00205727	25.97											
D-S88@03	11.32	-2292	3765	2.39	2.06E+09	0.00205223	0.162	0.0240	17	-1	-25	0.00205600	25.34											
D-S88@04	11.38	-2324	3780	2.39	2.07E+09	0.00205001	0.171	0.0243	17	-1	-26	0.00205378	24.23											
D-S88@05	11.45	-2356	3796	2.39	2.08E+09	0.00204996	0.154	0.0257	17	-1	-26	0.00205373	24.20											
D-S88@06	11.52	-2388	3811	2.39	2.06E+09	0.00205012	0.181	0.0245	17	-1	-24	0.00205389	24.28											
D-S88@07	11.58	-2420	3827	2.39	2.06E+09	0.00204817	0.163	0.0241	17	-1	-23	0.00205194	23.31											
D-S88@08	11.67	-2452	3842	2.39	2.05E+09	0.00205012	0.176	0.0248	17	-2	-22	0.00205389	24.28											
D-S88@09	11.73	-2483	3857	2.39	2.04E+09	0.00204901	0.185	0.0259	17	-2	-24	0.00205278	23.73											
D-S88@10	11.80	-2514	3873	2.39	2.05E+09	0.00204909	0.185	0.0259	17	-3	-26	0.00205286	23.77											
D-S88@11	11.87	-2545	3888	2.39	2.04E+09	0.00205113	0.161	0.0283	18	-2	-25	0.00205490	24.79											
D-S88@12	11.93	-2576	3904	2.39	2.07E+09	0.00205333	0.171	0.0301	18	-2	-24	0.00205711	25.89											
D-S88@13	12.00	-2607	3919	2.39	2.05E+09	0.00205596	0.192	0.0297	18	-2	-24	0.00205974	27.20											
D-S88@14	12.07	-2638	3935	2.39	2.06E+09	0.00205304	0.165	0.0296	18	-3	-26	0.00205682	25.74											
D-S88@15	12.13	-2669	3950	2.39	2.07E+09	0.00205183	0.167	0.0296	18	-3	-24	0.00205560	25.14											
D-S88@16	12.20	-2700	3965	2.39	2.06E+09	0.00205039	0.139	0.0293	18	-2	-24	0.00205416	24.42											
D-S88@17	12.40	-2731	3981	2.39	2.04E+09	0.00204960	0.147	0.0313	18	-3	-26	0.00205338	24.03											
D-S88@18	12.47	-2762	3996	2.39	2.06E+09	0.00205039	0.164	0.0311	18	-3	-25	0.00205416	24.42											
D-S88@19	12.53	-2793	4012	2.38	2.06E+09	0.00204883	0.176	0.0315	18	-3	-25	0.00205260	23.64											
D-S88@20	12.62	-2824	4027	2.38	2.05E+09	0.00204977	0.174	0.0323	19	-3	-24	0.00205354	24.11											
D-S88@21	12.68	-2855	4043	2.38	2.01E+09	0.00204797	0.148	0.0342	19	-4	-24	0.00205174	23.21											
D-S88@22	12.75	-2886	4058	2.38	2.02E+09	0.00204810	0.188	0.0339	19	-4	-25	0.00205187	23.27											
D-S88@23	12.82	-2917	4073	2.38	2.05E+09	0.00204872	0.180	0.0349	19	-3	-25	0.00205250	23.59											
D-S88@24	12.88	-2948	4089	2.38	1.92E+09	0.00204622	0.225	0.0366	19	-4	-24	0.00204999	22.34											
D-S88@25	12.95	-2979	4104	2.38	2.03E+09	0.00204979	0.141	0.0358	19	-4	-26	0.00205356	24.12											
D-S88@26	13.02	-3010	4120	2.38	2.04E+09	0.00204908	0.146	0.0346	19	-4	-25	0.00205286		low count rate, discard										
D-S88@27	13.08	-3041	4135	2.38	1.79E+09	0.00203997	0.293	0.0397	19	-4	-21	0.00204372	19.21											
D-S88@28	13.15	-3072	4151	2.38	1.93E+09	0.00204807	0.161	0.0386	20	-5	-23	0.00205184	23.26											
D-S88@29	13.22	-3103	4166	2.38	2.04E+09	0.00204884	0.159	0.0335	19	-5	-25	0.00205261	23.64											
D-S88@30	13.28	-3134	4181	2.38	2.04E+09	0.00204858	0.148	0.0339	20	-5	-25	0.00205235	23.51											
D-S88@31	13.35	-3165	4197	2.38	1.94E+09	0.00204331	0.135	0.0382	20	-5	-24	0.00204707	20.88											
D-S88@32	13.42	-3196	4212	2.38	1.95E+09	0.00204542	0.172	0.0360	20	-5	-24	0.00204919	21.94											
D-S88@33	13.48	-3227	4228	2.38	2.02E+09	0.00204993	0.141	0.0365	20	-5	-24	0.00205370	24.19											
D-S88@34	13.55	-3258	4243	2.38	2.02E+09	0.00204698	0.175	0.0373	20	-6	-25	0.00205075	22.72											
D-S88@35	13.62	-3289	4259	2.37	2.04E+09	0.00204848	0.182	0.0354	20	-5	-24	0.00205225	23.46											
D-S88@36	13.68	-3320	4274	2.37	2.03E+09	0.00204701	0.186	0.0367	20	-5	-25	0.00205078	22.73											
D-S88@37	13.90	-3351	4289	2.37	2.01E+09	0.00204653	0.164	0.0373	20	-5	-24	0.00205029	22.49											
D-S88@38	13.97	-3382	4305	2.37	2.00E+09	0.00204511	0.164	0.0384	20	-6	-23	0.00204888	21.78											
D-S88@39	14.03	-3413	4320	2.37	2.04E+09	0.00204497	0.168	0.0376	21	-6	-23	0.00204874	21.71											
D-S88@40	14.10	-3444	4336	2.37	1.98E+09	0.00204489	0.142	0.0366	20	-6	-23	0.00204865	21.67											
D-S88@41	14.17	-3475	4351	2.37	1.86E+09	0.00204267	0.210	0.0360	21	-6	-24	0.00204642	20.56											
D-S88@42	14.23	-3506	4367	2.37	1.96E+09	0.00204559	0.158	0.0351	21	-6	-25	0.00204935	22.02											
D-S88@43	14.30	-3537	4382	2.37	2.00E+09	0.00204528	0.179	0.0326	21	-6	-24	0.00204904	21.86											
D-S88@44	14.37	-3568	4397	2.37	1.92E+09	0.00204695	0.188	0.0354	22	-6	-22	0.00205071	22.70											
D-S88@45	14.43	-3599	4413	2.37	2.04E+09	0.00204619	0.161	0.0340	21	-6	-25	0.00204996	22.32											
D-S88@46	14.50	-3630	4428	2.37	2.04E+09	0.00204848	0.153	0.0346	21	-7	-26	0.00205225	23.46											
D-S88@47	14.57	-3661	4444	2.37	2.06E+09	0.00204750	0.167	0.0344	21	-7	-25	0.00205127	22.97											
D-S88@48	14.63	-3692	4459	2.37	2.05E+09	0.00204852	0.170	0.0336	21	-7	-24	0.00205229	23.48											
D-S88@49	14.70	-3723	4475	2.37	2.04E+09	0.00204914	0.174	0.0320	21	-7	-24	0.00205291	23.79											
D-S88@50	14.77	-3754	4490	2.37	2.03E+09	0.00204740	0.159	0.0335	21	-8	-26	0.00205117	22.93											
E-S88@01	14.85	1980	4255	2.36	2.06E+09	0.00205369	0.171	0.0258	-6	-5	-27	0.00205747	26.07											
E-S88@02	14.92	1945	4255	2.37	2.08E+09	0.00205352	0.162	0.0278	-5	-5	-28	0.00205730	25.98											
E-S88@03	14.98	1910	4255	2.37	2.07E+09	0.00205337	0.159	0.0274	-4	-5	-27	0.00205715	25.91											
E-S88@04	15.05	1876	4255	2.37	2.07E+09	0.00205227	0.170	0.0263	-4	-5	-25	0.00205605	25.36											
E-S88@05	15.12	1841	4255	2.37	2.05E+09	0.00205179	0.167	0.0250	-5	-5	-24	0.00205557	25.12											
E-S88@06	15.18	1807	4255	2.37	2.06E+09	0.00205129	0.164	0.0243	-4	-5	-24	0.00205506	24.87											
E-S88@07	15.38	1773	4255	2.37	2.05E+09	0.00205026	0.168	0.0259	-4	-5	-26	0.00205403	24.35											
E-S88@08	15.45	1738	4255	2.37	2.04E+09	0.00205086	0.166	0.0231	-4	-5	-24	0.00205464	24.65											
E-S88@09	15.52	1704	4255	2.36	2.06E+09	0.00205061	0.174	0.0225	-4	-4	-24	0.00205438	24.53											
E-S88@10	15.58	1669	4256	2.36	1.94E+09	0.00205025	0.166	0.0211	-4	-4	-24	0.00205403	24.35											
E-S88@11	15.65	1635	4256	2.36	2.06E+09	0.00204814	0.177	0.0248	-4	-3	-24	0.00205191	23.29											
E-S88@12	15.72	1601	4256	2.36	2.06E+09	0.00205048	0.157	0.0271	-4	-4	-23	0.00205425	24.46											
E-S88@13	15.78	1566	4256	2.36	2.07E+09	0.00204816	0.183	0.0287	-3	-4	-25	0.00205193	23.30											
E-S88@14	15.85	1532	4256	2.36	2.05E+09	0.00205459	0.181	0.0253	-4	-4	-22	0.00205837	26.52											
E-S88@15	15.92	1497	4256	2.36	2.05E+09	0.00205330	0.144	0.0247	-4	-4	-22	0.00205708	25.87											
E-S88@16	15.98	1463	4256	2.36	2.06E+09	0.00205328	0.157	0.0262	-4	-3	-23	0.00205706	25.86											
E-S88@17	16.05	1429	4256	2.36	2.04E+09	0.00205320	0.188	0.0255	-4	-3	-24	0.00205698	25.82											
E-S88@18	16.13	1394	4257	2.36	2.06E+09	0.00205222	0.176	0.0264	-3	-3	-23	0.00205599	25.33											
E-S88@19	16.20	1360	4257	2.36	2.06E+09	0.00205068	0.140	0.0266	-3	-3	-22	0.00205445	24.56											
E-S88@20	16.27	1325	4257	2.36	2.05E+09	0.00205090	0.153	0.0263	-3	-3	-21	0.00205467	24.67											
E-S88@21	16.33	1291	4257	2.36	2.06E+09	0.00205247	0.145	0.0270	-3	-3	-22	0.00205625	25.46											
E-S88@22	16.40	1257	4257	2.36	2.05E+09	0.00205084	0.181	0.0240	-3	-3	-23	0.00205461	24.64											
E-S88@23	16.47	1222	4257	2.36	2.05E+09	0.00204811	0.153	0.0282	-2	-3	-23	0.00205188	23.28											
E-S88@24	16.53	1188	4257	2.36	2.05E+09	0.00204882	0.156	0.0288	-2	-3	-22	0.00205259	23.63											
E-S88@25	16.60	1153	4257	2.36	2.06E+09	0.00205004	0.138	0.0265	-2	-3	-23	0.00205381	24.24											
E-S88@26	16.67	1119	4258	2.36	2.07E+09	0.00205007	0.164	0.0273	-2	-2	-20	0.00205384	24.26											
E-S88@27	16.87	1085	4258	2.35	2.07E+09	0.00205134	0.172	0.0276	-1	-1	3	0.00205512	24.90											
E-S88@28	16.93	1050	4258	2.36	2.10E+09	0.00204943	0.160	0.0288	-1	-2	-27	0.00205320	23.94											
E-S88@29	17.00	1016	4258	2.35	2.07E+09	0.00205030	0.141	0.0299	-1	-2	-22	0.00205408	24.38											
E-S88@30	17.07	981	4258	2.36	1.94E+09	0.00204547	0.203	0.0314	-1	-2	-23	0.00204924		low count rate, discard										
E-S88@31	17.13	947	4258	2.35	2.04E+09	0.00204806	0.169	0.0306	-1	-2	-22	0.00205183	23.25											
E-S88@32	17.20	913	4258	2.36	2.05E+09	0.00204516	0.166	0.0286	-1	-2	-22	0.00204892	21.80											
E-S88@33	17.27	878	4259	2.36	2.06E+09	0.00204464	0.172	0.0288	-1	-2	-22	0.00204841	21.55											
E-S88@34	17.33	844	4259	2.35	2.06E+09	0.00204563	0.176	0.0285	-1	-2	-22	0.00204939	22.04											
E-S88@35	17.40	810	4259	2.35	2.05E+09	0.00204525	0.176	0.0285	-1	-2	-22	0.00204902	21.85											
E-S88@36	17.47	775	4259	2.35	2.04E+09	0.00204448	0.133	0.0279	0	-2	-22	0.00204824	21.46											
E-S88@37	17.53	741	4259	2.35	2.03E+09	0.00204553	0.135	0.0274	0	-2	-22	0.00204929	21.99											
E-S88@38	17.60	706	4259	2.35	2.00E+09	0.00204491	0.147	0.0273	0	-2	-22	0.00204867	21.68											
E-S88@39	17.68	672	4259	2.35	2.04E+09	0.00204541	0.139	0.0274	0	-2	-21	0.00204918	21.93											
E-S88@40	17.75	638	4259	2.35	2.03E+09	0.00204533	0.196	0.0300	0	-1	-22	0.00204909	21.89											
E-S88@41	17.82	603	4260	2.35	2.04E+09	0.00204546	0.158	0.0285	0	-1	-22	0.00204923	21.96											
E-S88@42	17.88	569	4260	2.35	2.02E+09	0.00204630	0.142	0.0284	0	-1	-22	0.00205006	22.37											
E-S88@43	17.95	534	4260	2.35	2.03E+09	0.00204652	0.170	0.0287	0	-1	-23	0.00205029	22.49											
E-S88@44	18.02	501	4260	2.35	2.01E+09	0.00204597	0.171	0.0279	1	-1	-23	0.00204973	22.21											
F-S88@01	18.08	-6232	4556	2.34	2.04E+09	0.00205472	0.177	0.0254	25	-21	-21	0.00205850	26.58											
F-S88@02	18.15	-6203	4537	2.35	2.05E+09	0.00205368	0.182	0.0267	26	-21	-22	0.00205746	26.06											
F-S88@03	0.13	-6174	4518	2.35	2.03E+09	0.00205204	0.159	0.0247	26	-20	-21	0.00205582	25.24											
F-S88@04	0.20	-6145	4500	2.34	2.04E+09	0.00205307	0.206	0.0243	26	-19	-21	0.00205684	25.76											
F-S88@05	0.27	-6116	4482	2.34	2.03E+09	0.00205029	0.143	0.0252	27	-19	-21	0.00205406	24.37											
F-S88@06	0.33	-6087	4464	2.34	2.04E+09	0.00205099	0.151	0.0246	27	-19	-22	0.00205477	24.72											
F-S88@07	0.40	-6058	4446	2.34	2.02E+09	0.00205090	0.156	0.0263	27	-18	-22	0.00205467	24.67											
F-S88@08	0.47	-6029	4428	2.34	2.03E+09	0.00205051	0.157	0.0258	28	-18	-23	0.00205428	24.48											
F-S88@09	0.53	-6000	4410	2.34	2.02E+09	0.00205103	0.170	0.0248	28	-17	-22	0.00205480	24.74											
F-S88@10	0.60	-5971	4392	2.34	2.03E+09	0.00205064	0.174	0.0250	28	-17	-23	0.00205442	24.54											
F-S88@11	0.67	-5942	4373	2.34	2.04E+09	0.00205217	0.160	0.0254	28	-17	-24	0.00205595	25.31											
F-S88@12	0.75	-5913	4355	2.34	2.04E+09	0.00205163	0.132	0.0272	28	-16	-24	0.00205541	25.04											
F-S88@13	0.82	-5884	4337	2.34	2.04E+09	0.00204970	0.161	0.0272	28	-16	-23	0.00205347	24.07											
F-S88@14	0.88	-5855	4319	2.34	2.01E+09	0.00205068	0.166	0.0275	29	-15	-24	0.00205445	24.56											
F-S88@15	0.95	-5826	4301	2.34	2.01E+09	0.00205151	0.163	0.0286	29	-15	-25	0.00205529	24.98											
F-S88@16	1.02	-5797	4283	2.34	2.02E+09	0.00205533	0.150	0.0237	29	-15	-25	0.00205911	26.89											
F-S88@17	1.08	-5768	4265	2.34	2.04E+09	0.00205374	0.149	0.0261	29	-14	-23	0.00205752	26.09											
F-S88@18	1.15	-5739	4247	2.34	2.04E+09	0.00205329	0.183	0.0267	29	-14	-25	0.00205706	25.86											
F-S88@19	1.22	-5710	4229	2.34	2.04E+09	0.00205148	0.149	0.0269	29	-14	-25	0.00205526	24.96											
F-S88@20	1.28	-5681	4210	2.34	1.96E+09	0.00204858	0.176	0.0307	29	-13	-23	0.00205235	23.52											
F-S88@21	1.35	-5652	4192	2.34	1.99E+09	0.00204815	0.170	0.0333	30	-13	-26	0.00205192	23.30											
F-S88@22	1.42	-5623	4174	2.34	2.04E+09	0.00204992	0.169	0.0274	29	-13	-26	0.00205369	24.18											
F-S88@23	1.62	-5594	4156	2.34	2.04E+09	0.00205169	0.157	0.0278	30	-12	-26	0.00205547	25.07											
F-S88@24	1.68	-5565	4138	2.34	2.03E+09	0.00204834	0.160	0.0287	30	-12	-25	0.00205211	23.40											
F-S88@25	1.75	-5536	4120	2.34	2.05E+09	0.00204928	0.174	0.0266	30	-12	-25	0.00205305	23.86											
F-S88@26	1.82	-5507	4102	2.34	2.02E+09	0.00204928	0.143	0.0265	30	-12	-26	0.00205305	23.87											
F-S88@27	1.88	-5478	4084	2.34	1.98E+09	0.00204686	0.171	0.0313	30	-11	-27	0.00205063	22.66											
F-S88@28	1.95	-5449	4065	2.34	1.99E+09	0.00205103	0.178	0.0299	31	-11	-26	0.00205480	24.74											
F-S88@29	2.02	-5419	4047	2.34	2.04E+09	0.00205082	0.171	0.0271	31	-11	-27	0.00205459	24.63											
F-S88@30	2.08	-5389	4029	2.33	2.04E+09	0.00204936	0.179	0.0289	30	-10	-26	0.00205314	23.91											
F-S88@31	2.15	-5359	4011	2.34	1.87E+09	0.00204560	0.232	0.0322	31	-10	-27	0.00204936		low count rate, discard										
F-S88@32	2.22	-5329	3993	2.33	2.05E+09	0.00205102	0.159	0.0289	31	-10	-27	0.00205480	24.73											
F-S88@33	2.28	-5299	3975	2.33	2.03E+09	0.00205086	0.167	0.0298	31	-11	-27	0.00205464	24.65											
F-S88@34	2.37	-5269	3957	2.33	2.04E+09	0.00204471	0.205	0.0318	31	-9	-26	0.00204847	21.58											
F-S88@35	2.43	-5239	3939	2.33	2.02E+09	0.00204787	0.161	0.0311	31	-9	-27	0.00205164	23.16											
F-S88@36	2.50	-5209	3921	2.33	2.06E+09	0.00204827	0.140	0.0280	31	-9	-28	0.00205204	23.36											
F-S88@37	2.57	-5179	3902	2.33	2.04E+09	0.00204926	0.161	0.0278	31	-9	-28	0.00205303	23.85											
F-S88@38	2.63	-5149	3885	2.33	2.06E+09	0.00204918	0.158	0.0279	30	-8	-27	0.00205295	23.82											
F-S88@39	2.70	-5119	3866	2.33	2.03E+09	0.00204816	0.159	0.0305	30	-8	-28	0.00205193	23.30											
F-S88@40	2.77	-5089	3849	2.33	2.05E+09	0.00204866	0.172	0.0293	31	-8	-28	0.00205243	23.55											
F-S88@41	2.83	-5059	3830	2.33	1.98E+09	0.00204392	0.203	0.0530	31	-8	-28	0.00204768	21.18											
H-S88@01	8.40	1838	3116	2.61	2.24E+09	0.00205147	0.153	0.0231	-8	-3	-28	0.00205525	24.96											
H-S88@02	8.47	1807	3100	2.61	2.25E+09	0.00204978	0.162	0.0229	-7	-3	-26	0.00205356	24.12											
H-S88@03	8.53	1776	3084	2.61	2.24E+09	0.00204591	0.152	0.0263	-7	-3	-25	0.00204967	22.18											
H-S88@04	8.60	1746	3068	2.61	2.24E+09	0.00205312	0.185	0.0243	-8	-3	-25	0.00205690	25.78											
H-S88@05	8.67	1716	3053	2.61	2.24E+09	0.00205212	0.181	0.0232	-7	-3	-24	0.00205590	25.28											
H-S88@06	8.75	1685	3037	2.61	2.23E+09	0.00204438	0.165	0.0236	-7	-3	-25	0.00204814	21.42											
H-S88@07	8.82	1655	3021	2.61	2.24E+09	0.00204787	0.167	0.0225	-7	-2	-24	0.00205164	23.16											
H-S88@08	8.88	1625	3006	2.61	2.22E+09	0.00205516	0.199	0.0210	-7	-3	-24	0.00205894	26.80											
H-S88@09	8.95	1594	2990	2.61	2.23E+09	0.00205442	0.160	0.0236	-7	-3	-22	0.00205820	26.43											
H-S88@10	9.02	1564	2974	2.61	2.21E+09	0.00204925	0.156	0.0203	-7	-2	-21	0.00205302	23.85											
H-S88@11	9.08	1534	2959	2.60	2.21E+09	0.00204709	0.175	0.0206	-7	-3	-24	0.00205086	22.77											
H-S88@12	9.15	1503	2943	2.59	2.22E+09	0.00204870	0.185	0.0238	-7	-2	-22	0.00205247	23.57											
H-S88@13	9.22	1473	2928	2.59	2.22E+09	0.00205658	0.196	0.0227	-7	-2	-22	0.00206036	27.51											
H-S88@14	9.28	1443	2912	2.59	2.23E+09	0.00205326	0.163	0.0229	-6	-2	-23	0.00205704	25.85											
H-S88@15	9.35	1412	2896	2.59	2.23E+09	0.00204810	0.175	0.0234	-6	-2	-22	0.00205187	23.27											
H-S88@16	9.42	1382	2881	2.59	2.21E+09	0.00204812	0.178	0.0233	-6	-2	-23	0.00205189	23.28											
H-S88@17	9.62	1352	2865	2.58	2.21E+09	0.00204545	0.134	0.0208	-6	-2	-22	0.00204921	21.95											
H-S88@18	9.68	1321	2849	2.58	2.21E+09	0.00204492	0.149	0.0225	-6	-2	-23	0.00204869	21.69											
H-S88@19	9.75	1291	2834	2.58	2.21E+09	0.00204746	0.152	0.0235	-6	-2	-22	0.00205123	22.95											
H-S88@20	9.82	1261	2818	2.58	2.20E+09	0.00204747	0.194	0.0239	-6	-2	-23	0.00205123	22.96											
H-S88@21	9.88	1230	2802	2.58	2.21E+09	0.00205133	0.153	0.0242	-6	-2	-23	0.00205511	24.89											
H-S88@22	9.95	1200	2787	2.58	2.23E+09	0.00204742	0.158	0.0273	-5	-1	-22	0.00205119	22.93											
H-S88@23	10.02	1170	2771	2.58	2.22E+09	0.00204782	0.130	0.0271	-5	-1	-24	0.00205159	23.14											
H-S88@24	10.08	1139	2756	2.58	2.23E+09	0.00204668	0.152	0.0257	-5	-1	-23	0.00205045	22.56											
H-S88@25	10.15	1109	2740	2.58	2.22E+09	0.00204595	0.147	0.0242	-5	-1	-24	0.00204972	22.20											
H-S88@26	10.22	1079	2724	2.58	2.22E+09	0.00204543	0.151	0.0241	-5	-1	-22	0.00204919	21.94											
H-S88@27	10.28	1048	2709	2.57	2.23E+09	0.00204534	0.173	0.0255	-5	-1	-23	0.00204910	21.89											
H-S88@28	10.35	1018	2693	2.58	2.21E+09	0.00204706	0.154	0.0247	-5	-1	-22	0.00205083	22.75											
H-S88@29	10.42	988	2677	2.58	2.21E+09	0.00204519	0.162	0.0246	-4	-1	-23	0.00204896	21.82											
H-S88@30	10.48	957	2662	2.58	2.20E+09	0.00204656	0.121	0.0249	-4	-1	-23	0.00205033	22.50											
H-S88@31	10.55	927	2646	2.58	2.20E+09	0.00204780	0.185	0.0259	-4	-1	-22	0.00205157	23.13											
H-S88@32	10.62	897	2630	2.58	2.19E+09	0.00204592	0.166	0.0271	-4	-1	-23	0.00204968	22.18											
H-S88@33	10.68	867	2615	2.58	2.19E+09	0.00204867	0.182	0.0246	-4	-1	-22	0.00205244	23.56											
H-S88@34	10.75	836	2599	2.58	2.21E+09	0.00205259	0.149	0.0234	-4	-1	-22	0.00205637	25.52											
H-S88@35	10.82	806	2584	2.58	2.23E+09	0.00205179	0.156	0.0281	-4	-1	-22	0.00205556	25.12											
H-S88@36	11.03	776	2568	2.58	2.25E+09	0.00205354	0.158	0.0277	-4	-1	-22	0.00205732	25.99											
H-S88@37	11.10	745	2552	2.58	2.23E+09	0.00205070	0.170	0.0259	-4	-1	-22	0.00205448	24.57											
H-S88@38	11.17	715	2537	2.58	2.20E+09	0.00204766	0.210	0.0260	-3	-1	-23	0.00205143	23.05											
H-S88@39	11.23	685	2521	2.58	2.23E+09	0.00204963	0.186	0.0249	-3	-1	-24	0.00205340	24.04											
H-S88@40	11.30	654	2505	2.58	2.22E+09	0.00204914	0.158	0.0246	-3	-1	-23	0.00205291	23.79											
H-S88@41	11.37	624	2490	2.58	2.22E+09	0.00204746	0.138	0.0247	-3	-1	-21	0.00205123	22.95											
H-S88@42	11.43	594	2474	2.58	2.21E+09	0.00204867	0.171	0.0242	-3	-1	-22	0.00205244	23.56											
H-S88@43	11.50	563	2459	2.57	2.21E+09	0.00204895	0.172	0.0247	-3	-1	-21	0.00205272	23.70											
H-S88@44	11.57	533	2443	2.57	2.21E+09	0.00204831	0.168	0.0239	-3	-1	-23	0.00205208	23.38											
H-S88@45	11.63	503	2427	2.57	2.21E+09	0.00204576	0.191	0.0246	-2	-1	-22	0.00204952	22.10											
H-S88@46	11.70	472	2412	2.57	2.24E+09	0.00204499	0.130	0.0255	-2	-1	-22	0.00204875	21.72											
H-S88@47	11.77	443	2396	2.57	2.23E+09	0.00204581	0.140	0.0252	-2	-1	-23	0.00204957	22.13											
I-S88@01	11.83	-4936	-2143	2.56	2.20E+09	0.00205215	0.144	0.0235	25	1	-24	0.00205592	25.30											small kink in profile
I-S88@02	11.90	-4936	-2108	2.56	2.20E+09	0.00205082	0.143	0.0247	25	1	-25	0.00205459	24.63											
I-S88@03	11.97	-4936	-2073	2.56	2.19E+09	0.00205304	0.142	0.0224	26	1	-25	0.00205682	25.74											
I-S88@04	12.03	-4936	-2038	2.56	2.19E+09	0.00205015	0.181	0.0229	26	1	-24	0.00205392	24.30											
I-S88@05	12.10	-4936	-2003	2.56	2.20E+09	0.00205104	0.152	0.0236	26	1	-26	0.00205481	24.74											
I-S88@06	12.17	-4936	-1968	2.56	2.20E+09	0.00205435	0.149	0.0216	26	1	-25	0.00205814	26.40											
I-S88@07	12.23	-4936	-1933	2.57	2.18E+09	0.00204965	0.146	0.0249	26	0	-25	0.00205342	24.05											
I-S88@08	12.30	-4936	-1898	2.57	2.21E+09	0.00205059	0.164	0.0264	26	0	-25	0.00205436	24.52											
I-S88@09	12.52	-4936	-1863	2.56	2.21E+09	0.00205061	0.156	0.0236	26	0	-25	0.00205439	24.53											
I-S88@10	12.58	-4936	-1828	2.57	2.21E+09	0.00204701	0.175	0.0263	26	0	-26	0.00205078	22.73											
I-S88@11	12.65	-4936	-1793	2.57	2.20E+09	0.00204802	0.149	0.0253	26	-1	-24	0.00205179	23.23											
I-S88@12	12.72	-4936	-1758	2.56	2.20E+09	0.00205316	0.134	0.0243	27	-1	-24	0.00205694	25.80											
I-S88@13	12.78	-4936	-1723	2.56	2.22E+09	0.00204968	0.151	0.0248	26	-1	-25	0.00205345	24.06											
I-S88@14	12.85	-4936	-1688	2.56	2.21E+09	0.00204991	0.159	0.0251	27	-1	-25	0.00205369	24.18											
I-S88@15	12.92	-4936	-1653	2.56	2.21E+09	0.00204994	0.170	0.0268	27	-1	-25	0.00205372	24.20											
I-S88@16	12.98	-4936	-1617	2.56	2.21E+09	0.00205390	0.168	0.0257	27	-2	-25	0.00205768	26.17											
I-S88@17	13.05	-4936	-1581	2.56	2.22E+09	0.00204970	0.170	0.0257	27	-2	-26	0.00205347	24.07											
I-S88@18	13.12	-4936	-1545	2.56	2.21E+09	0.00205005	0.178	0.0259	27	-2	-25	0.00205382	24.25											
I-S88@19	13.18	-4936	-1509	2.56	2.22E+09	0.00204906	0.151	0.0264	27	-2	-23	0.00205283	23.76											
I-S88@20	13.25	-4936	-1473	2.56	2.20E+09	0.00205066	0.171	0.0258	27	-2	-25	0.00205444	24.55											
I-S88@21	13.32	-4936	-1437	2.56	2.20E+09	0.00205229	0.145	0.0265	27	-2	-25	0.00205607	25.37											
I-S88@22	13.38	-4936	-1401	2.56	2.21E+09	0.00205440	0.159	0.0268	27	-2	-25	0.00205818	26.42											
I-S88@23	13.45	-4936	-1365	2.56	2.21E+09	0.00205310	0.179	0.0257	27	-2	-26	0.00205688	25.77											
I-S88@24	13.52	-4936	-1329	2.55	2.18E+09	0.00205101	0.151	0.0268	28	-2	-24	0.00205479	24.73											
I-S88@25	13.58	-4936	-1293	2.55	2.21E+09	0.00205038	0.176	0.0302	28	-2	-25	0.00205416	24.41											
I-S88@26	13.65	-4936	-1257	2.55	2.21E+09	0.00205274	0.191	0.0284	28	-2	-25	0.00205652	25.59											
I-S88@27	13.72	-4936	-1221	2.55	2.21E+09	0.00205209	0.154	0.0288	27	-3	-25	0.00205587	25.27											
I-S88@28	13.78	-4936	-1185	2.55	2.20E+09	0.00205540	0.165	0.0263	28	-3	-25	0.00205918	26.92											
I-S88@29	13.98	-4936	-1149	2.55	2.21E+09	0.00205262	0.170	0.0273	28	-2	-26	0.00205640	25.53											
I-S88@30	14.05	-4936	-1113	2.55	2.21E+09	0.00205064	0.151	0.0271	28	-3	-25	0.00205442	24.55											
I-S88@31	14.12	-4936	-1077	2.55	2.20E+09	0.00205054	0.172	0.0265	28	-3	-25	0.00205431	24.49											
I-S88@32	14.18	-4936	-1041	2.54	2.20E+09	0.00205391	0.192	0.0259	28	-3	-25	0.00205769	26.18											
I-S88@33	14.25	-4935	-1005	2.55	2.18E+09	0.00205186	0.163	0.0247	28	-3	-26	0.00205564	25.15											
I-S88@34	14.32	-4934	-969	2.55	2.18E+09	0.00205006	0.189	0.0250	28	-3	-27	0.00205383	24.25											
I-S88@35	14.38	-4933	-933	2.55	2.20E+09	0.00204989	0.166	0.0267	28	-3	-25	0.00205366	24.17											
I-S88@36	14.45	-4932	-897	2.55	1.93E+09	0.00204818	0.197	0.0268	28	-4	-24	0.00205195		low count rate, discard										
I-S88@37	14.52	-4931	-861	2.55	2.21E+09	0.00204991	0.168	0.0256	28	-4	-27	0.00205368	24.18											
I-S88@38	14.58	-4930	-825	2.55	2.21E+09	0.00205087	0.140	0.0257	28	-4	-27	0.00205465	24.66											
I-S88@39	14.65	-4929	-789	2.55	2.22E+09	0.00205069	0.158	0.0261	28	-4	-26	0.00205446	24.57											
I-S88@40	14.73	-4928	-753	2.55	2.21E+09	0.00205020	0.145	0.0261	29	-4	-25	0.00205397	24.32											
J-S88@01	14.80	-6650	-1355	2.55	2.20E+09	0.00204998	0.159	0.0244	36	2	-25	0.00205376	24.22											
J-S88@02	14.87	-6627	-1382	2.55	2.20E+09	0.00205291	0.171	0.0258	36	3	-22	0.00205669	25.68											
J-S88@03	14.93	-6604	-1409	2.55	2.21E+09	0.00205214	0.176	0.0253	36	3	-20	0.00205592	25.29											
J-S88@04	15.00	-6581	-1436	2.55	2.21E+09	0.00205213	0.173	0.0262	36	3	-22	0.00205590	25.29											
J-S88@05	15.07	-6558	-1462	2.55	2.20E+09	0.00205136	0.167	0.0259	36	3	-23	0.00205514	24.90											
J-S88@06	15.13	-6535	-1488	2.54	2.21E+09	0.00205028	0.179	0.0262	35	3	-23	0.00205405	24.36											
J-S88@07	15.20	-6512	-1514	2.54	2.20E+09	0.00205126	0.156	0.0253	35	4	-22	0.00205503	24.85											
J-S88@08	15.40	-6489	-1540	2.54	2.21E+09	0.00205118	0.157	0.0258	35	3	-23	0.00205496	24.81											
J-S88@09	15.47	-6466	-1566	2.54	2.20E+09	0.00204969	0.165	0.0298	35	3	-24	0.00205347	24.07											
J-S88@10	15.53	-6443	-1592	2.54	2.22E+09	0.00204918	0.183	0.0291	35	3	-25	0.00205295	23.81											
J-S88@11	15.60	-6420	-1618	2.54	2.20E+09	0.00205048	0.165	0.0266	35	4	-23	0.00205426	24.47											
J-S88@12	15.67	-6397	-1644	2.54	2.21E+09	0.00204856	0.139	0.0296	35	4	-24	0.00205233	23.50											
J-S88@13	15.73	-6374	-1670	2.54	2.21E+09	0.00204934	0.152	0.0275	35	4	-26	0.00205311	23.89											
J-S88@14	15.80	-6351	-1696	2.54	2.20E+09	0.00204891	0.165	0.0279	35	4	-26	0.00205268	23.68											
J-S88@15	15.87	-6328	-1722	2.53	2.22E+09	0.00204652	0.165	0.0336	35	5	-25	0.00205028	22.48											
J-S88@16	15.93	-6304	-1748	2.53	2.21E+09	0.00204935	0.155	0.0271	35	5	-28	0.00205313	23.90											
J-S88@17	16.00	-6280	-1774	2.53	1.26E+09	0.00205629	0.157	0.0212	37	4	-73	0.00206007		low count rate, discard										
J-S88@18	16.07	-6256	-1800	2.53	1.32E+09	0.00204651	0.362	0.0281	36	1	36	0.00205028		low count rate, discard										
J-S88@19	16.13	-6232	-1826	2.53	2.23E+09	0.00204952	0.158	0.0284	32	2	-17	0.00205329	23.98											
J-S88@20	16.20	-6208	-1852	2.53	2.24E+09	0.00204898	0.165	0.0295	33	3	-23	0.00205275	23.71											
J-S88@21	16.27	-6184	-1878	2.53	2.18E+09	0.00204404	0.171	0.0352	33	4	-24	0.00204780	21.24											
J-S88@22	16.33	-6160	-1904	2.53	2.23E+09	0.00204736	0.189	0.0314	33	4	-25	0.00205112	22.90											
J-S88@23	16.42	-6136	-1930	2.53	2.07E+09	0.00204396	0.227	0.0328	33	4	-24	0.00204773	21.21											
J-S88@24	16.48	-6112	-1956	2.53	2.18E+09	0.00204670	0.153	0.0307	33	4	-26	0.00205047	22.57											
J-S88@25	16.55	-6088	-1982	2.53	2.20E+09	0.00204917	0.137	0.0305	33	4	-26	0.00205294	23.81											
J-S88@26	16.62	-6064	-2008	2.53	2.15E+09	0.00204496	0.170	0.0330	33	4	-26	0.00204872	21.70											
J-S88@27	16.82	-6040	-2034	2.53	2.14E+09	0.00204475	0.171	0.0318	33	4	-25	0.00204851	21.60											
J-S88@28	16.88	-6016	-2060	2.53	2.22E+09	0.00204430	0.143	0.0284	33	4	-26	0.00204807	21.38											
J-S88@29	16.95	-5992	-2086	2.53	2.21E+09	0.00204339	0.146	0.0284	32	4	-25	0.00204715	20.92											
J-S88@30	17.02	-5968	-2112	2.53	2.22E+09	0.00204416	0.144	0.0278	32	4	-26	0.00204792	21.31											
J-S88@31	17.08	-5944	-2138	2.53	2.22E+09	0.00204428	0.173	0.0285	32	4	-26	0.00204804	21.37											
J-S88@32	17.15	-5920	-2164	2.53	2.22E+09	0.00204446	0.154	0.0286	31	4	-26	0.00204823	21.46											
J-S88@33	17.22	-5896	-2190	2.53	2.20E+09	0.00204386	0.166	0.0288	32	4	-25	0.00204762	21.16											
J-S88@34	17.28	-5872	-2216	2.53	2.21E+09	0.00204350	0.185	0.0292	31	4	-26	0.00204726	20.97											
J-S88@35	17.35	-5848	-2242	2.52	2.20E+09	0.00204455	0.144	0.0293	31	4	-26	0.00204831	21.50											
J-S88@36	17.42	-5824	-2268	2.52	2.12E+09	0.00204804	0.191	0.0330	31	4	-26	0.00205181	23.24											
K-S88@01	17.48	-1926	-40	2.52	2.19E+09	0.00205211	0.152	0.0236	11	-4	-27	0.00205589	25.28											
K-S88@02	17.55	-1951	-65	2.52	2.18E+09	0.00204773	0.173	0.0243	12	-4	-28	0.00205150	23.09											
K-S88@03	17.62	-1976	-90	2.52	2.18E+09	0.00204761	0.151	0.0234	12	-3	-26	0.00205138	23.03											
K-S88@04	17.68	-2001	-115	2.52	2.19E+09	0.00204614	0.145	0.0260	13	-3	-26	0.00204990	22.29											
K-S88@05	17.75	-2026	-140	2.52	2.18E+09	0.00205555	0.139	0.0224	12	-3	-25	0.00205933	27.00											
K-S88@06	17.82	-2051	-165	2.52	2.17E+09	0.00205174	0.154	0.0233	12	-3	-25	0.00205552	25.09											
K-S88@07	17.88	-2076	-190	2.52	2.18E+09	0.00204916	0.187	0.0226	12	-3	-24	0.00205293	23.80											
K-S88@08	17.95	-2101	-215	2.52	2.18E+09	0.00204555	0.174	0.0243	12	-3	-24	0.00204932	22.00											
K-S88@09	18.02	-2125	-240	2.52	2.18E+09	0.00204661	0.183	0.0239	12	-2	-24	0.00205037	22.53											
K-S88@10	18.23	-2149	-265	2.51	2.17E+09	0.00204814	0.182	0.0254	12	-3	-24	0.00205191	23.30											
K-S88@11	18.30	-2173	-290	2.51	2.17E+09	0.00205337	0.176	0.0227	12	-3	-23	0.00205714	25.90											
K-S88@12	18.37	-2197	-315	2.52	2.19E+09	0.00205394	0.167	0.0233	12	-2	-24	0.00205772	26.19											
K-S88@13	18.43	-2221	-340	2.51	2.17E+09	0.00205082	0.169	0.0226	12	-3	-23	0.00205459	24.63											
K-S88@14	18.50	-2245	-365	2.51	2.17E+09	0.00204956	0.175	0.0229	12	-3	-23	0.00205333	24.00											
K-S88@15	18.57	-2269	-390	2.51	2.17E+09	0.00204823	0.200	0.0231	12	-3	-24	0.00205200	23.34											
K-S88@16	18.63	-2293	-415	2.51	2.19E+09	0.00204755	0.172	0.0268	12	-3	-24	0.00205132	23.00											
K-S88@17	18.70	-2317	-440	2.51	2.20E+09	0.00205327	0.175	0.0265	12	-2	-23	0.00205705	25.86											
K-S88@18	18.77	-2341	-465	2.51	2.18E+09	0.00205338	0.186	0.0235	13	-3	-23	0.00205716	25.91											
K-S88@19	18.83	-2365	-490	2.51	2.16E+09	0.00205190	0.175	0.0228	13	-3	-23	0.00205567	25.17											
K-S88@20	18.90	-2389	-515	2.51	2.16E+09	0.00205145	0.165	0.0239	13	-2	-24	0.00205523	24.95											
K-S88@21	18.97	-2413	-540	2.51	2.15E+09	0.00204858	0.178	0.0241	13	-2	-23	0.00205235	23.51											
K-S88@22	19.03	-2437	-565	2.51	2.15E+09	0.00204913	0.153	0.0224	13	-2	-23	0.00205290	23.79											
K-S88@23	19.10	-2461	-590	2.51	2.15E+09	0.00204750	0.169	0.0237	13	-2	-22	0.00205127	22.97											
K-S88@24	19.17	-2485	-615	2.51	2.17E+09	0.00204900	0.156	0.0245	13	-2	-23	0.00205277	23.72											
K-S88@25	19.23	-2509	-640	2.50	2.18E+09	0.00204751	0.185	0.0266	13	-2	-24	0.00205128	22.98											
K-S88@26	19.30	-2533	-665	2.50	2.18E+09	0.00204838	0.171	0.0253	13	-3	-23	0.00205215	23.42											
K-S88@27	19.37	-2557	-690	2.50	2.18E+09	0.00204712	0.158	0.0237	13	-2	-23	0.00205089	22.78											
K-S88@28	19.43	-2581	-715	2.50	2.18E+09	0.00204868	0.136	0.0255	14	-3	-24	0.00205246	23.57											
K-S88@29	19.63	-2605	-740	2.50	2.18E+09	0.00204646	0.152	0.0276	14	-3	-24	0.00205022	22.45											
K-S88@30	19.70	-2629	-765	2.50	2.17E+09	0.00204861	0.205	0.0259	14	-2	-23	0.00205238	23.53											
K-S88@31	19.77	-2653	-790	2.50	2.17E+09	0.00204931	0.156	0.0262	14	-2	-23	0.00205308	23.88											
K-S88@32	19.83	-2677	-815	2.50	2.16E+09	0.00205033	0.183	0.0245	14	-3	-23	0.00205410	24.39											
K-S88@33	19.90	-2701	-840	2.50	2.16E+09	0.00204927	0.207	0.0248	14	-3	-23	0.00205304	23.86											
K-S88@34	19.97	-2725	-865	2.50	2.18E+09	0.00204861	0.102	0.0270	14	-2	-24	0.00205238	23.53											
K-S88@35	20.03	-2749	-890	2.50	2.18E+09	0.00204872	0.167	0.0274	14	-3	-23	0.00205249	23.59											
K-S88@36	20.10	-2773	-915	2.50	2.19E+09	0.00205359	0.160	0.0269	14	-2	-23	0.00205737	26.02											
K-S88@37	20.17	-2797	-940	2.50	2.19E+09	0.00205400	0.106	0.0264	13	-2	-22	0.00205778	26.22											
K-S88@38	20.23	-2821	-965	2.50	2.18E+09	0.00205207	0.146	0.0273	15	-2	-24	0.00205584	25.26											
K-S88@39	20.30	-2845	-990	2.50	2.18E+09	0.00204947	0.151	0.0276	15	-2	-23	0.00205325	23.96											
K-S88@40	20.38	-2869	-1014	2.50	2.17E+09	0.00205055	0.148	0.0277	15	-2	-22	0.00205433	24.50											
K-S88@41	20.45	-2893	-1038	2.50	2.18E+09	0.00204986	0.176	0.0268	15	-2	-23	0.00205363	24.15											
K-S88@42	20.52	-2917	-1062	2.50	2.18E+09	0.00204863	0.158	0.0289	15	-2	-23	0.00205240	23.54											
K-S88@43	20.58	-2941	-1086	2.50	2.17E+09	0.00204900	0.136	0.0283	15	-2	-23	0.00205277	23.72											
K-S88@44	20.65	-2965	-1110	2.50	2.18E+09	0.00204817	0.142	0.0268	15	-3	-22	0.00205194	23.31											
K-S88@45	20.72	-2989	-1134	2.50	2.16E+09	0.00204812	0.168	0.0271	15	-2	-22	0.00205189	23.28											
K-S88@46	20.78	-3013	-1158	2.49	2.17E+09	0.00204921	0.202	0.0268	15	-2	-21	0.00205298	23.83											
K-S88@47	20.85	-3037	-1182	2.49	2.17E+09	0.00204979	0.183	0.0268	15	-2	-22	0.00205356	24.12											
K-S88@48	21.05	-3061	-1206	2.49	2.04E+09	0.00204459	0.172	0.0278	15	-2	-21	0.00204836	21.52											
K-S88@49	21.12	-3085	-1230	2.50	2.13E+09	0.00204609	0.161	0.0279	15	-2	-22	0.00204986	22.27											
K-S88@50	21.18	-3109	-1254	2.50	2.14E+09	0.00204687	0.165	0.0271	16	-2	-23	0.00205064	22.66											
K-S88@51	21.25	-3133	-1278	2.50	2.16E+09	0.00204577	0.175	0.0289	16	-2	-22	0.00204953	22.11											
K-S88@52	21.32	-3157	-1302	2.50	2.19E+09	0.00204501	0.156	0.0278	16	-2	-23	0.00204877	21.73											
K-S88@53	21.38	-3181	-1326	2.50	2.18E+09	0.00204343	0.177	0.0277	16	-2	-23	0.00204719	20.94											
K-S88@54	21.45	-3205	-1350	2.50	2.18E+09	0.00204291	0.154	0.0283	16	-2	-22	0.00204667	20.68											
K-S88@55	21.52	-3229	-1374	2.50	2.14E+09	0.00204353	0.159	0.0273	16	-2	-22	0.00204729	20.99											
K-S88@56	21.58	-3253	-1398	2.49	2.18E+09	0.00204499	0.155	0.0262	16	-2	-21	0.00204876	21.72											
K-S88@57	21.65	-3277	-1422	2.49	2.16E+09	0.00204473	0.144	0.0271	16	-2	-22	0.00204849	21.59											
K-S88@58	21.72	-3301	-1446	2.49	2.18E+09	0.00204450	0.151	0.0272	16	-2	-22	0.00204826	21.48											
K-S88@59	21.78	-3325	-1470	2.49	2.15E+09	0.00204452	0.163	0.0267	16	-2	-22	0.00204829	21.49											
K-S88@60	21.85	-3349	-1494	2.49	2.16E+09	0.00204470	0.160	0.0268	16	-2	-21	0.00204846	21.57											
L-S88@01	21.92	-103	-5494	2.49	2.17E+09	0.00204866	0.183	0.0268	0	-10	-26	0.00205243	23.56											
L-S88@02	21.98	-135	-5510	2.49	2.16E+09	0.00204449	0.164	0.0215	1	-11	-26	0.00204826	21.47											
L-S88@03	22.05	-167	-5526	2.49	2.17E+09	0.00204498	0.175	0.0243	1	-10	-25	0.00204875	21.72											
L-S88@04	22.12	-199	-5542	2.49	2.17E+09	0.00205198	0.162	0.0256	1	-10	-25	0.00205575	25.21											
L-S88@05	22.18	-231	-5558	2.49	2.16E+09	0.00204627	0.168	0.0231	1	-10	-22	0.00205003	22.36											
L-S88@06	22.25	-263	-5574	2.49	2.16E+09	0.00204572	0.155	0.0227	1	-10	-23	0.00204949	22.09											
L-S88@07	22.32	-295	-5590	2.49	2.16E+09	0.00204731	0.178	0.0254	1	-10	-23	0.00205108	22.88											
L-S88@08	22.53	-327	-5606	2.49	2.16E+09	0.00205275	0.191	0.0246	1	-10	-22	0.00205652	25.60											
L-S88@09	22.60	-359	-5621	2.49	2.15E+09	0.00204955	0.170	0.0224	1	-10	-22	0.00205332	24.00											
L-S88@10	22.67	-391	-5636	2.49	2.14E+09	0.00204650	0.167	0.0229	1	-9	-23	0.00205027	22.48											
L-S88@11	22.73	-423	-5651	2.49	2.15E+09	0.00204976	0.203	0.0250	1	-9	-22	0.00205353	24.10											
L-S88@12	22.80	-455	-5666	2.49	2.16E+09	0.00205180	0.146	0.0243	1	-9	-22	0.00205558	25.12											
L-S88@13	22.87	-487	-5681	2.49	2.14E+09	0.00204798	0.173	0.0211	1	-9	-21	0.00205174	23.21											
L-S88@14	22.93	-519	-5696	2.49	2.14E+09	0.00204784	0.149	0.0232	1	-9	-23	0.00205161	23.14											
L-S88@15	23.00	-551	-5711	2.49	2.12E+09	0.00204843	0.176	0.0254	1	-9	-21	0.00205220	23.44											
L-S88@16	23.07	-583	-5726	2.49	2.14E+09	0.00204900	0.170	0.0259	1	-9	-21	0.00205277	23.73											
L-S88@17	23.13	-615	-5741	2.49	2.15E+09	0.00204591	0.155	0.0251	1	-9	-21	0.00204967	22.18											
L-S88@18	23.20	-647	-5756	2.49	2.17E+09	0.00204669	0.187	0.0262	1	-9	-21	0.00205046	22.57											
L-S88@19	23.27	-679	-5771	2.49	2.14E+09	0.00204951	0.154	0.0247	1	-9	-21	0.00205328	23.98											
L-S88@20	23.33	-711	-5786	2.49	2.15E+09	0.00205393	0.154	0.0267	1	-9	-21	0.00205771	26.19											
L-S88@21	23.40	-743	-5801	2.49	2.15E+09	0.00205094	0.189	0.0255	1	-9	-22	0.00205472	24.69											
L-S88@22	23.47	-775	-5816	2.49	2.15E+09	0.00204901	0.150	0.0256	2	-9	-22	0.00205278	23.73											
L-S88@23	23.53	-807	-5831	2.49	2.15E+09	0.00204866	0.182	0.0248	2	-9	-21	0.00205243	23.55											
L-S88@24	23.60	-839	-5846	2.49	2.13E+09	0.00204545	0.168	0.0238	2	-9	-23	0.00204922	21.95											
L-S88@25	23.67	-871	-5861	2.49	2.15E+09	0.00205066	0.151	0.0256	2	-9	-21	0.00205443	24.55											
L-S88@26	23.73	-903	-5876	2.49	2.16E+09	0.00204974	0.185	0.0249	2	-8	-22	0.00205351	24.09											
L-S88@27	23.80	-935	-5891	2.49	2.14E+09	0.00204978	0.142	0.0243	2	-8	-21	0.00205355	24.11											
L-S88@28	24.02	-967	-5906	2.48	2.14E+09	0.00204839	0.179	0.0251	2	-8	-22	0.00205216	23.42											
L-S88@29	24.08	-999	-5921	2.49	2.15E+09	0.00204779	0.162	0.0251	2	-8	-21	0.00205156	23.12											
L-S88@30	24.15	-1031	-5936	2.49	2.15E+09	0.00204800	0.170	0.0253	2	-8	-22	0.00205177	23.22											
L-S88@31	24.22	-1063	-5951	2.49	2.16E+09	0.00205005	0.138	0.0257	2	-8	-21	0.00205382	24.25											
L-S88@32	24.28	-1095	-5966	2.49	2.15E+09	0.00205027	0.183	0.0256	2	-8	-22	0.00205404	24.36											
L-S88@33	24.35	-1127	-5981	2.49	2.14E+09	0.00204837	0.160	0.0241	2	-8	-22	0.00205214	23.41											
L-S88@34	24.42	-1158	-5996	2.49	2.15E+09	0.00204860	0.167	0.0251	3	-8	-22	0.00205237	23.52											
L-S88@35	24.48	-1189	-6011	2.48	2.16E+09	0.00204787	0.190	0.0265	3	-7	-22	0.00205164	23.16											
L-S88@36	24.55	-1220	-6026	2.48	2.15E+09	0.00204605	0.177	0.0268	3	-7	-21	0.00204981	22.25											
L-S88@37	24.62	-1251	-6041	2.48	2.14E+09	0.00204597	0.159	0.0285	2	-8	-21	0.00204974	22.21											
L-S88@38	24.68	-1282	-6056	2.48	2.15E+09	0.00204819	0.163	0.0256	3	-7	-21	0.00205196	23.32											
L-S88@39	24.75	-1313	-6071	2.48	2.16E+09	0.00204952	0.131	0.0266	3	-7	-20	0.00205329	23.98											
L-S88@40	24.82	-1344	-6086	2.48	2.15E+09	0.00204963	0.136	0.0266	3	-7	-20	0.00205340	24.04											
L-S88@41	24.88	-1375	-6101	2.48	2.16E+09	0.00204888	0.168	0.0267	3	-8	-22	0.00205265	23.66											
L-S88@42	24.95	-1406	-6116	2.48	2.16E+09	0.00204734	0.162	0.0265	3	-7	-21	0.00205110	22.89											
L-S88@43	25.02	-1437	-6131	2.48	2.16E+09	0.00204475	0.115	0.0264	3	-7	-21	0.00204851	21.60											
L-S88@44	25.08	-1468	-6146	2.48	2.14E+09	0.00204387	0.164	0.0288	3	-7	-20	0.00204763	21.16											
L-S88@45	25.15	-1499	-6161	2.48	2.12E+09	0.00204337	0.147	0.0290	3	-7	-22	0.00204713	20.91											
L-S88@46	25.22	-1530	-6176	2.48	2.02E+09	0.00204208	0.145	0.0302	3	-6	-21	0.00204584	20.27											
L-S88@47	25.28	-1561	-6191	2.48	2.06E+09	0.00204269	0.185	0.0278	3	-6	-20	0.00204645	20.57											
L-S88@48	25.48	-1592	-6206	2.48	2.12E+09	0.00204167	0.196	0.0276	3	-6	-19	0.00204543	20.06											
L-S88@49	25.55	-1623	-6221	2.48	2.13E+09	0.00204384	0.140	0.0263	3	-6	-21	0.00204760	21.15											
L-S88@50	25.62	-1654	-6236	2.48	2.15E+09	0.00204407	0.144	0.0249	3	-6	-21	0.00204783	21.26											
L-S88@51	25.70	-1685	-6251	2.48	2.18E+09	0.00204328	0.183	0.0255	3	-5	-20	0.00204704	20.87											
L-S88@52	25.77	-1716	-6266	2.48	2.16E+09	0.00204325	0.169	0.0263	3	-5	-20	0.00204701	20.85											
L-S88@53	25.83	-1747	-6281	2.48	2.15E+09	0.00204390	0.143	0.0261	3	-5	-20	0.00204766	21.18											
L-S88@54	25.90	-1778	-6296	2.48	2.14E+09	0.00204396	0.140	0.0259	3	-5	-19	0.00204772	21.21											
L-S88@55	25.97	-1809	-6311	2.48	2.16E+09	0.00204410	0.154	0.0263	3	-5	-20	0.00204786	21.28											
L-S88@56	26.03	-1840	-6326	2.48	2.14E+09	0.00204527	0.153	0.0257	3	-5	-19	0.00204903	21.86											
M-S88@01	26.10	-1946	-4129	2.47	2.14E+09	0.00204920	0.183	0.0253	6	-6	-22	0.00205297	23.82											
M-S88@02	26.17	-1918	-4108	2.47	2.15E+09	0.00204479	0.132	0.0237	7	-6	-23	0.00204855	21.62											
M-S88@03	26.23	-1890	-4086	2.48	2.13E+09	0.00205006	0.146	0.0221	7	-6	-23	0.00205383	24.25											
M-S88@04	26.30	-1862	-4064	2.48	2.14E+09	0.00204979	0.179	0.0232	7	-6	-23	0.00205356	24.12											
M-S88@05	26.37	-1834	-4042	2.47	2.13E+09	0.00204839	0.191	0.0228	7	-6	-23	0.00205216	23.42											
M-S88@06	26.43	-1806	-4020	2.48	2.14E+09	0.00205342	0.167	0.0216	7	-6	-24	0.00205720	25.93											
M-S88@07	26.50	-1778	-3998	2.48	2.12E+09	0.00204750	0.182	0.0201	7	-6	-24	0.00205127	22.98											
M-S88@08	26.57	-1750	-3976	2.48	2.13E+09	0.00204997	0.214	0.0199	6	-6	-24	0.00205374	24.21											
M-S88@09	26.63	-1722	-3954	2.48	2.12E+09	0.00205604	0.174	0.0200	7	-7	-25	0.00205982	27.24											
M-S88@10	26.70	-1693	-3932	2.47	2.13E+09	0.00204691	0.186	0.0205	7	-7	-24	0.00205067	22.68											
M-S88@11	26.77	-1664	-3910	2.47	2.15E+09	0.00204735	0.154	0.0195	7	-7	-24	0.00205112	22.90											
M-S88@12	0.13	-1635	-3888	2.47	2.13E+09	0.00204734	0.152	0.0214	7	-7	-25	0.00205110	22.89											
M-S88@13	0.20	-1606	-3866	2.47	2.13E+09	0.00204945	0.178	0.0213	6	-7	-24	0.00205322	23.95											
M-S88@14	0.27	-1577	-3844	2.47	2.14E+09	0.00204924	0.181	0.0215	7	-7	-25	0.00205301	23.84											
M-S88@15	0.33	-1548	-3822	2.47	2.14E+09	0.00204737	0.171	0.0216	6	-7	-23	0.00205114	22.91											
M-S88@16	0.40	-1519	-3800	2.47	2.14E+09	0.00204833	0.193	0.0218	6	-7	-25	0.00205210	23.39											
M-S88@17	0.47	-1490	-3778	2.47	2.14E+09	0.00204713	0.137	0.0233	6	-7	-25	0.00205090	22.79											
M-S88@18	0.53	-1461	-3756	2.47	2.15E+09	0.00205321	0.152	0.0225	6	-7	-24	0.00205699	25.83											
M-S88@19	0.60	-1432	-3734	2.47	2.14E+09	0.00205175	0.159	0.0228	6	-7	-24	0.00205553	25.10											
M-S88@20	0.67	-1403	-3712	2.47	2.13E+09	0.00205090	0.183	0.0222	6	-8	-25	0.00205468	24.68											
M-S88@21	0.73	-1374	-3690	2.47	2.13E+09	0.00204989	0.157	0.0213	5	-8	-25	0.00205366	24.17											
M-S88@22	0.80	-1345	-3668	2.47	2.15E+09	0.00204731	0.172	0.0213	5	-8	-25	0.00205107	22.88											
M-S88@23	0.87	-1316	-3646	2.47	2.14E+09	0.00204755	0.172	0.0237	5	-8	-24	0.00205132	23.00											
M-S88@24	0.93	-1287	-3624	2.47	2.15E+09	0.00204698	0.183	0.0232	5	-8	-25	0.00205074	22.71											
M-S88@25	1.02	-1258	-3602	2.47	2.14E+09	0.00204472	0.139	0.0266	5	-8	-25	0.00204848	21.59											
M-S88@26	1.08	-1229	-3580	2.46	2.16E+09	0.00204533	0.166	0.0267	5	-8	-24	0.00204909	21.89											
M-S88@27	1.15	-1200	-3558	2.46	2.16E+09	0.00205101	0.157	0.0264	5	-8	-24	0.00205479	24.73											
M-S88@28	1.22	-1171	-3536	2.47	2.17E+09	0.00204880	0.176	0.0281	4	-8	-25	0.00205257	23.62											
M-S88@29	1.28	-1142	-3514	2.47	2.14E+09	0.00204930	0.145	0.0247	4	-8	-24	0.00205307	23.87											
M-S88@30	1.35	-1113	-3492	2.46	2.16E+09	0.00204866	0.178	0.0239	5	-8	-24	0.00205243	23.55											
M-S88@31	1.42	-1084	-3470	2.46	2.16E+09	0.00204782	0.152	0.0274	4	-8	-24	0.00205159	23.13											
M-S88@32	1.62	-1055	-3448	2.46	2.15E+09	0.00204783	0.156	0.0277	4	-8	-25	0.00205160	23.14											
M-S88@33	1.68	-1026	-3426	2.46	2.14E+09	0.00204696	0.125	0.0264	4	-8	-25	0.00205072	22.70											
M-S88@34	1.75	-997	-3404	2.46	2.16E+09	0.00204642	0.161	0.0274	4	-8	-24	0.00205019	22.43											
M-S88@35	1.82	-968	-3382	2.46	2.14E+09	0.00204689	0.154	0.0295	4	-8	-24	0.00205065	22.67											
M-S88@36	1.88	-939	-3360	2.46	2.12E+09	0.00204716	0.153	0.0306	4	-8	-25	0.00205093	22.80											
M-S88@37	1.95	-910	-3338	2.46	2.15E+09	0.00204671	0.169	0.0276	4	-8	-25	0.00205048	22.58											
M-S88@38	2.02	-881	-3316	2.46	2.14E+09	0.00204279	0.182	0.0357	4	-8	-24	0.00204655	20.62											
M-S88@39	2.08	-852	-3294	2.46	2.09E+09	0.00204532	0.205	0.0290	3	-8	-23	0.00204908	21.88											
M-S88@40	2.15	-823	-3272	2.46	2.11E+09	0.00204384	0.181	0.0287	3	-8	-25	0.00204760	21.15											
M-S88@41	2.22	-794	-3250	2.46	2.11E+09	0.00204330	0.136	0.0314	3	-8	-24	0.00204706	20.88											
M-S88@42	2.28	-765	-3228	2.46	2.11E+09	0.00204323	0.168	0.0296	3	-8	-23	0.00204699	20.84											
M-S88@43	2.35	-736	-3206	2.46	2.13E+09	0.00204347	0.185	0.0284	3	-8	-24	0.00204723	20.96											
M-S88@44	2.42	-707	-3184	2.46	2.15E+09	0.00204475	0.166	0.0272	3	-8	-25	0.00204851	21.60											
M-S88@45	2.48	-678	-3162	2.46	2.15E+09	0.00204633	0.177	0.0268	3	-8	-24	0.00205010	22.39											
M-S88@46	2.55	-649	-3140	2.46	2.16E+09	0.00204373	0.155	0.0271	3	-8	-25	0.00204749	21.09											
M-S88@47	2.62	-620	-3118	2.46	2.16E+09	0.00204399	0.192	0.0258	3	-8	-24	0.00204775	21.22											
M-S88@48	2.68	-591	-3096	2.46	2.16E+09	0.00204380	0.129	0.0267	3	-8	-25	0.00204757	21.13											
M-S88@49	2.75	-562	-3074	2.46	2.15E+09	0.00204384	0.145	0.0270	2	-8	-25	0.00204760	21.15											
M-S88@50	2.82	-533	-3052	2.46	2.16E+09	0.00204568	0.154	0.0262	2	-8	-24	0.00204944	22.06											
M-S88@51	2.90	-504	-3030	2.45	2.11E+09	0.00204326	0.177	0.0265	2	-8	-23	0.00204702	20.86											
M-S88@52	2.97	-475	-3008	2.46	2.09E+09	0.00204413	0.159	0.0276	2	-8	-25	0.00204789	21.29											
